0.0
3484.0
4299.620996117592
35.48
0.0223701292914479
14.52
0.0394895422398637
4.0
0.0002870264064293
43.55
0.0025788992843417
12.5
7.387855345580964
19.0
2.78
7.332073929555138
45.16
0.0258046298661061
2.125704867816948
6.0
0.0004018369690011
50.0
0.048056786684522
14.276599125476002
5.0
3.93992990277567
12.5
0.7936307724115613
10.0
1.1145229299030677
10.0
0.9098101875492608
3.12
0.7473373177449001
1.61
0.258579224426004
4.0
0.9171818130573064
40.32
0.0065056826756153
12.5
0.0006885692230533
2.78
113.39677063939594
6.0
-21.459286668375547
0.0
0.0
6.618828932261767
25.0
1.025324276116841
3.57
2.2473390722555107
2.78
2.7077802587276425
38.57154336792197
2.78
0.8076071238602075
1.4695193191116176
5.0
12.5
0.216145142424632
8.33
11.992048262866644
32.26
9.244809642663188
5.0
37.76254920959473
48.39
0.0193464293356943
3012.0
19.35
1.8518269152113223
6.0
2.78
0.0
7.0
0.000459242250287
2.78
0.0018283291543305
2.121686182775191
8.33
0.071582645044929
0.0714736781675182
86.97474605413984
3.12
0.0945542398502851
4.981183288799189
5.0
0.007217131515604
4050.5237345167097
0.0
-0.6374611538550277
2018.0
3.57
0.0699133021846413
0.0613442226365156
7.0
3.0
1.091408083351416
12.5
1.1978137565412763
4.17
2.0560092992067336
24.19
1.2413783418461817
6.0
12.5
0.0
30.65
0.0028048414822446
25.81
0.0001233658313295
3.23
0.2403283604551542
0.0
4.0
0.780034598925806
1.0
0.0001148105625717
35.48
0.0130528549933759
2949.0
12.5
0.0028705746519037
4.17
0.0
12.5
0.0031566590592758
3.0
0.9571252544831966
11.29
4.358240590274872
6.0
22.58
0.0102879719537684
-3.0301343814338053
25.0
0.1829377966620923
1.0
0.0001148105625717
0.0
6.25
0.0311022330825564
0.0
3.57
2.986371891764595
3279.0
3.57
3.513763580708857
2.0
1.0820753490284114
19.35
0.0374444273760416
35.48
0.0470773859502775
3.57
0.0
5.0
0.0003444316877152
0.0
13.420194013048992
3.12
11.912430781566323
6.0
1.4422856561374942
27.42
0.0767562370992008
25.81
0.1270081807246837
46.77
0.0
0.0
32175.256903381367
0.7050051388596468
7.0
0.000459242250287
2.78
12591.709028918223
0.0
-9.786999702453612
3.57
4.84963233635193
0.6944750381525289
2.0
0.0001722158438576
7.0
0.000459242250287
6.45
0.0
0.0
0.6071815379479635
-0.0001747701399975
3.0
1.3666247393775504
4.17
12.050100364438432
3.12
0.8644867365928178
3.57
2.8911695730702256
0.0
5.74052812858783
5.0
4.0
0.0002870264064293
3.0
0.0002296211251435
2.78
2.5971874800975088
1.61
4.199497543439091
30.65
0.0088097677188583
0.0018902451137758
3.57
0.007907863730684
12.5
0.6688648312055426
4.009640712800916
5.0
2.856070510714608
5.0
15.52288863420756
0.5165807978692245
11.0
-38.6268614835018
6.25
0.0
5.0
0.3178625378239082
2.0
0.0001722158438576
7.0
6.212970137265958
1.61
4.268803311033692
-0.7768914035624136
-0.17185634099395
10.0
-14.324854997698138
3.57
154.75413125024195
6.0
4.17
0.286323968124887
0.621643460660164
4947.543104890594
43.55
0.0
2.0
0.0001722158438576
0.0
3.57
12.346534501115928
0.0
15.07800006866455
0.4506174501621716
0.0783776405806278
0.0
1.2132446202643283
-31.46199989318848
9.0
0.0005740528128587
35.48
0.0
8.06
0.0238633810441719
6.0
0.0004018369690011
25.0
2.157560283837652
0.0
5.74052812858783
5.0
1.0
0.0001148105625717
0.0
4.161882893226176
1.0
13936.0
25.0
0.4085174309013009
12.0
2.78
12.21631873702034
4.17
5.39864623229754
3.0
0.8924467485977906
48.39
0.0126283978750933
0.0
4.047999858856201
3.12
141.90600712560885
25.0
0.0002267449140582
6.25
0.0090567108225126
17505.156420973606
25.0
0.0
6.45
1.599049930721055
5.0
3.12
0.0213603475652286
5.0
0.0003444316877152
-0.0004163902933867
11.45
4.0
53.60118119494506
3.12
52.63249360235819
0.0
0.8178758405163506
25.0
1.6779232290390158
12.5
0.6298498029185714
6.0
0.7473026654662525
9.0
0.9501725262561544
8.0
0.9431334999022868
8.0
-1.1005951948899702
7.0
-6099592998.22732
0.4495219279104362
43.55
0.0455749731272118
3.457502385090247
29.03
0.0264345957971013
3.23
0.1905407904706937
68.63848596924363
6.25
1.6362541553113656
3.0
0.0002296211251435
12.5
24.94369729870329
2.78
10.64938625656157
29.144152674120104
40.32
0.0667231234130554
17.74
0.0275624876720809
1.0220009161264083
84.3995647648865
0.0
3484.0
25.0
0.011657094565398
41.94
0.2867059038641078
5.0
0.0003444316877152
0.0
11.954322742904749
5.0
0.5405285448764828
8.322694250349336
8.33
1.226837700551492
8.33
6.036983592873818
0.0
1.020051136518067
2.0
1.0237276651751404
0.0
10.0
0.8723174764892434
8.06
0.7328251918114316
8.33
6.850864403559775
1546.0
14.52
0.0297994345890687
9.0
0.0005740528128587
8.06
0.0011648331089126
0.0
14.070233342442297
3.12
16.297038465322554
20.97
0.1179770629356601
12.0
-0.0007581065379236
12.5
63.90293903471613
4.17
0.6484886649911973
282.0
14.52
0.023032895795816
0.0
9.764201218509278
12.9
0.2689681626029551
76.0
0.0
-11000588010.099588
0.0
0.6285244286412033
1.0
13936.0
0.0
3.12
10.967083543117674
7.0
0.000459242250287
15.399540828699728
4.0
0.9031796484842132
11976.465023994446
861812.5334408925
3.457176982584188
10.0
1.525753275861336
0.6821212351060272
5.0
19.31564237233548
3.57
0.7572471541520016
6.0
22.77165777599343
5.0
0.0003444316877152
2.0502944893238872
27.42
9.766064763665488
5.0
8.33
1.9162105524863728
9.0
-42.24479375913234
8.33
0.0
10.0
72.82574592048735
-2.328437434079437
0.0
0.0
6.0
8.0
1.0366412305422703
2.0
9.0
-2.4260405446225395
0.0
6.25
12.840038586060633
27.42
0.0104702574818521
4850.0
23.0
2.0
18.29447230554248
6.25
2.6773237434677504
8.33
0.0002263998677053
3.57
0.6249658896431833
3.23
3.345660825278387
4.17
12.05023034554782
6.25
8.225291109150856
12.5
0.0024788492029903
37.1
9.344583837151134
5.0
3.12
3.4674060733871563
6.0
0.0004018369690011
9.68
0.3143982849647827
1.8771526980482205
6.25
0.4323051130679399
11.796320117130271
6.25
98.70089010569562
6.25
0.3567109427876709
1.61
1.318510255356668
4.17
1.743112279111152
7.0
1.61
2.4099280707027817
37.193345627938015
14.29901407475784
6.0
55.522887900260976
8.0
0.0005166475315729
6.25
79.1957826818106
1.61
0.0775137449828574
17802.233958005905
43.0
3.12
2.412621737927214
8.33
0.0
0.0
-1.1035209197370734
5.0
515.0
8.0
0.0005166475315729
1.0
13936.0
25.0
4.655050085017376
12.9
0.2020018442353145
3.57
5.050531099950529
84943.03968832878
0.0001286493702409
5.0
3885.77788884879
0.0
-47.9119400192328
75.34223537183965
1.61
0.6681098086500703
12.5
2.2816683503701816
11.29
0.0223683872166952
8.33
0.0058635156224162
22.58
0.0054054027172347
6.25
9.934832162935397
9.156142365097589
0.0
0.0
11.0
1.1770996781663408
45.057405281285874
7.0
-323.78278787773667
-4150885126.778383
5.0
0.0003444316877152
11.29
0.0634276490622399
9.0
4.86828001337132
0.9816303099885187
-6.021218704657171
6.0
0.246835122344428
0.05
12.5
7.993931772251344
3.0
0.0
0.0
0.0119492114844254
22.58
0.0920199541437342
25.0
0.0037271573978786
30.65
0.0529336702067489
-1.4837062991640713
3.12
2.7956886274764634
29.03
8.744653706337685
5.0
0.2092144123911413
32.26
0.0018359448008383
46.77
0.0021394006860013
4.0
0.0002870264064293
41.94
0.0
12.5
7.354478687220395
5.0
31.0
0.0
45.16
8.05233141328569
5.0
41.94
5.924445802134224
5.0
7.0
0.000459242250287
48.39
5.925770163346784
5.0
0.3254410549970087
3.12
11.91271722872931
0.0
4.17
0.0197070796799391
8.33
1.505129105788617
0.0
0.0
9.68
0.0185208762112761
1.0
8.806932719588097
6.0
0.0301261886605898
11.0
1.4030896379837277
8.33
1.0327703914843125
3.0
0.0002296211251435
30.65
0.009661215598657
8.06
0.0603644850370414
3137370.0
5.0
0.6595279059673933
45.16
0.0022098289787821
1.61
0.884856947335548
8.33
6.85089642810686
33.87
0.0073526937349933
25.0
0.4609922311101451
32.26
0.0081266797324209
17.74
0.0213423220105343
10.446705697695952
0.1758785446954925
3.23
3.079568465504628
5.0
0.8455448755837877
23.0
-0.0001394454274538
7634.815988874435
4.17
0.0622678746541396
8.33
143.80922153892286
28.73600006103516
20.97
0.0
0.5970149253731343
0.0
0.0
3.001836969001148
-6.100667809644619
6.0
1.0
2.0
-0.3833524565858167
41.94
0.0241796303445522
8.0
0.0005166475315729
1.0
2.9749999046325684
48.39
0.0212357015508166
0.0
-2.5799999237060547
5458.591193524313
29.03
0.0032608274851506
-0.8576468989718055
22.58
0.0650588585771456
3.0
1.5588081449764992
5.937999963760376
1040.75924525857
1.212299931049344
6.25
2.202932789404388
1.0
1.6366349300057972
1.0
45.48600006103516
7.0
0.000459242250287
8.33
44.11461138915107
4.17
180.98956486345105
3.57
0.7573416695166757
6478.680818381309
0.0
1.0
1.3480267551687697
25.0
0.8007751017336927
12.5
0.0467187225937644
4.0
9.191536063868694
38.71
7.062816719169856
7.0
-1.1087430264993028
0.1259869050800908
4.0
0.4894206614066664
1.5097588978185992
25.0
15.94306314796678
24.19
0.0025911087936283
0.0
10.0
55.62130810284255
25.0
0.0890897405331357
6.45
0.0016185369883228
3.12
120.27692144172252
35.329999923706055
-9.078323342630569
6.0
11.29
0.013237728361485
5.0
0.7775881420614505
9.0
0.8379597168524479
0.0147176828117024
5.0
0.7839805447207505
3.57
0.0
9.68
0.0
42590.39083751612
25.0
5.892576141162306
3.12
7.254825539071094
33.87
0.0120235789210633
4.17
0.0132200872952243
5.0
0.0478342995902471
8.0
0.597768446088767
29.16762342135476
46.77
0.0837113816665201
30.65
9.29133554172156
5.0
-5.74085768413801
5.0
0.962604314223545
9.0
9.198641097415363
-5.907531601196045
6.0
1.0
-2.5654632210061363
8.0
17419.0
1451.0
0.0
8.629000663757326
9.0
-5.525567008596233
12.5
0.0
25.0
1.295347230240595
0.0
3484.0
3.57
0.016970349589871
2.78
0.006615429195445
4.0
16.394107485720546
7.0
0.000459242250287
4.17
20.020009770454124
2.78
10.490469106638235
4.0
0.0002870264064293
7.0
0.000459242250287
41.38800048828125
0.0139639386903714
8.33
0.005393211218516
2.78
2.59718812363732
0.0
25.0
2.15755650795463
3.57
7624.302896057158
1.7178237400825949
0.0
37.19300079345703
5.0
0.0431222148858284
445.6626126712558
2.0
0.0001722158438576
8.0
127.29201390276538
12.5
1.5105192320424727
6.45
0.0423126934112523
25.0
0.7524542030194414
5.0
10.079783410869728
6.45
0.0020926447782288
12.5
0.8178418583889662
48.39
0.0014490407027846
-3248329812.2112083
35.48
6.674177735731679
5.0
0.0
0.0001148171536827
-0.5030809089581831
84.82257971946615
23715.182314531805
3.0
-5.764346130237386
24.19
0.006439558675967
38.71
0.0737612193431705
6.25
0.0032249795623951
2725.705
8.0
0.6264189578069062
7.0
0.000459242250287
2.78
3.949375301246464
-1.216771314260244
6.0
0.7742632502269118
4.17
427.9667695296425
2.0
25.0
0.0079369818682614
0.0
9.68
0.0249285978163302
17.74
0.0113570059302024
0.0057405281285878
3.57
13.146683627103952
30.65
0.002120114290124
3.57
0.0
-1.881645747101767
11.29
0.0005927964320558
7.0
27.043583612248447
0.0
6.25
1.486383847182581
-0.2195014953613281
0.0
12.5
621.8794128497049
42.81859931113662
4.84
0.0608370004370848
43.55
0.0652634179793521
21.0
80.66422791449361
0.0
2.0
0.0001722158438576
31.159586681974737
46849.24228630663
6.25
49.86183165472329
45.16
0.0360164114323905
3.0
0.0002296211251435
5.0
0.0003444316877152
0.2736779271687597
3.57
0.0
4.167623421354764
22.58
0.030487471901065
7.0
0.7839805447207504
17419.828427124747
2.0
29.31920314638628
0.8527880829844683
-0.0001815781093836
0.0
5.0
0.2921190208389743
12.5
1.4347577953595247
39.30539609644087
1.0
0.0
8.33
0.1051262839850095
37.1
6.91586542336899
5.0
3.0
-0.1933474167160051
5.0
10.079896910696156
-2.085968873154556
5.0
2.23953142568808
6.0
0.8525736661993832
7.0
0.8455448755837875
5.0
0.011810601733787
5.0
0.9846941226657672
1.0
2.0213592131084583
25.0
0.0040365054479242
-9.614800262451174
4.17
4.227174238424564
1.279189710691828
8.0
0.8627944948784501
2.3590002059936523
37.1
0.2854383150863561
25.81
1.2696134465813214
6.0
0.0
18204.83392538471
16.13
0.017460367934984
0.3670740748176221
4.84
3.8685678171130777
5.0
20.11894274202129
1.0
0.0001148105625717
27.42
0.0025420940173614
3.57
8.91839605423234
37.1
0.0
1.0
1.62896361899864
4.0
-6.947048992011573
8.0
9.0
1.0147040272295382
30.65
0.0141622898744489
-0.3523020682384635
8.33
1.7027649894749477
5.0
0.0
12.9
0.0501344511441345
8.33
6.036942871592894
8.335246842709529
-1.18580588052184
22.58
0.0001851814292442
226820.0
54.59245440105336
46.77
0.0314251028905847
-2755312895.357638
46.77
6.693919244768107
5.0
5.0
3.2852343470939283
882.0
25.0
8.086848095163717
6.0
35.48
7.467340221363406
7.0
8.0
0.9031796484842132
0.0
8.33
1.296071382703354
8.33
0.0033280954693944
1.0
25.0
2.427462902118652
68.57000338302441
12.5
1.7914863124590883
5.0
8.732374928157709
15.0
2.78
0.0264651739065046
25.0
0.0012244225359128
12.5
0.0017902799799379
11.0
1.6054267458237872
141.3227495848609
3.57
0.004584941581326
40.32
0.0022587701029961
3.57
3.7127108108608313
7.0
0.4558872509763317
11.29
0.0389535723680242
0.0
2.0
-8.490227048850992
1.93027706939982
8.0
0.780034598925806
5.0
0.0126097017545931
4.17
74.77666110828989
47.904414934072896
25.0
12.45954218792405
-6.5939998626708975
9.0
0.0005740528128587
104.41899878422942
3.12
12.377661620817133
8.33
3.67186288146013
0.0
7.0
0.000459242250287
82.02500343322754
11.0
-5.254482680904919
3.0
0.0002296211251435
0.0
5.0
0.0431779340794484
1.0
2018.0
4.0
3.0
-1.2331906877511123
5.952927669345579
27140.320445502184
48.39
6.088173323504707
7.0
6.25
0.0071252564575655
26.609375894739827
19.35
0.0002423479865212
9.0
0.0005740528128587
0.8966018903244392
3.12
5.125695818952365
43.61653272101033
-1.483470179120494
4.17
8.209210747499792
6.0
0.0004018369690011
32.26
0.0262121750435462
39.91375112533569
31.191424345970155
12.9
0.0579879923506786
-0.0001321263391186
0.0
3.0
10.011549431258072
1.1110730265645783
3.57
0.0013437766670191
2.0
-0.3833524565858088
596.0
27.42
0.0032379559351093
0.0
1.0
8.0
6.25
8.899255588571066
4.17
11.126018026123026
3.0
8.22642336256979
50.0
0.0090752369403425
6.953001022338867
0.6875518126180863
50.0
3.036298041313396
7.0
1.6884460935900845
0.3512733405390586
5.0
0.0003444316877152
107.89299774169922
20.97
0.1655225299701302
0.2509186653574919
3.12
0.0146125081295861
50.0
0.0027470137031531
50.0
3.964605741508099
5.0
45.73368856216792
0.0
1.0
30.65
0.0412565720701553
45.057405281285874
5.0
6.91013223166173
0.0
0.2144595743553591
4.0
-2.9704135963234
6.0
12.5
1.5105219596447494
20.97
0.0050170909247481
0.7013608500966405
1.0
-15.367253778839933
6.921301534687887
0.0
5.0
0.0
1.0
-16.987076118548664
11.0
2.0213592131084583
9.0
0.0005740528128587
0.0
-22.92928228526009
0.0
33.87
0.0033466838983635
8.33
1.7027661296335743
19.0613753729024
3.0
-5.56956514302075
8.0
603.0
12.5
3.897356731903826
5.0
4.485439489841456
43.55
0.0062043053293103
4.288997650146477
4.17
13.453350646755608
37.75152248632215
-7.273919633596818
6.0
6.25
1.636252958276241
0.0
5.74052812858783
5.0
6.0
-20.45233018710456
3.0
1.014704027229538
8.0
36.404963570498175
0.0
12.9
1.7045928139661373
24.19
0.0
0.0
0.0010054125767985
2.78
12.36424528878357
11.29
0.0006374025629305
25.0
0.003873857717023
0.5289848420001184
0.0
5.74052812858783
5.0
0.0057405281285878
70868909192.0
-3.7739999294281006
10.0
0.0
11.0
98.67849090671923
0.0
6.0
0.0004018369690011
9.655750274658203
0.0
0.0006688246450668
40299.6346384274
40.32
7.012932546980912
5.0
0.0
46.77
0.0058680317087176
11.0
-63.44349194455114
1674.0
1.0
12.91852612330234
9.584435176816775
0.5021116209628635
3869.0
3.57
0.0778582665530793
33.87
0.0274187269986179
-0.0009156093578797
20.97
0.022007561093527
50.0
0.0150505255212989
19.35
0.092526330542982
5.0
0.1989250104708095
29.03
9.594096835159023
7.0
25.81
0.011444005381189
2.78
8.18747672983387
25.81
0.2933945383975163
25.0
3.9928766339924127
5.0
373.0940402559618
4.0
1.0366412305422703
8.33
1.9162181421193616
3.0
-1.0871851350650392
0.0
-0.0003685781136891
11.0
2.2136054674311
3.57
40.09307122553565
0.0
0.0103634129746464
3.57
2.2473386705057448
4.0
37.26365422539024
0.944064072772975
-1628051462.0261045
50.0
0.001114689864592
0.6700000762939435
4.9687957769565845
13.838283375049697
677.0
25.0
0.0011035637566803
10.0
0.5837836708842177
1.0
13936.0
7.600459242250286
40.32
0.0126673932449686
1.0
0.0001148105625717
4.17
2.505526324171158
6.25
0.0
12.5
0.0118866034962343
3.23
8.85445137115882
5.0
4.17
29.145381141500422
6.25
0.0051459747315693
41.67049368541905
1.71912035001018
48.39
0.0
9.0
-1.1554422709759473
7.0
5.0
0.0
-0.0010532178416185
9.0
0.0005740528128587
0.0
5.74052812858783
5.0
3.0
0.9097741009893348
8.33
1.138451308885608
6.25
15.955782196784805
3.57
0.068627225470652
3429.0
8.06
0.6707048744653169
3.0
1.1075726905523997
0.05
17.218000411987305
44.91389207807118
5.0
152.52630011619013
-3.423604593341304
25.0
0.460992231181076
11.0
-1.2000000000000004
7.0
0.0
10.0
-0.9687647335117964
12.5
1.9205880021875756
12.5
4.373060362406844
9.0
126.0485593733507
1.0
1.4030896379837277
6.25
4.852902474139821
1.7393800229621124
6.45
0.4145154798708609
0.4970322458185098
25.0
0.0
8.06
0.0
0.0
25.0
0.8948603811398137
0.0
6.25
254.5869347419554
8.0
0.0
0.0
0.0
5.74052812858783
5.0
4.0
0.9431334999022868
10913.99251423754
4.0
0.0002870264064293
1.0
0.0
9.68
0.5206047306584932
0.0
4.17
5591.549046504034
0.0
5.74052812858783
5.0
35.48
0.0074004784608597
9.68
7.795614872012278
6.0
11.0
1.62896361899864
0.0
3484.0
6.0
99.59776677637666
6.012623885696997
1.0
-5.996142651514145
0.0
-13.79741036925714
2865.0
0.0
28.81599998474121
2.1071022107295807
3.12
0.0
0.0045567707742014
1.0
13936.0
3.12
0.5100215985578052
5.0
1.2611048245741394
5.0
4.22916152050344
10.0
-8.57857257192265
170.47018824146903
2.78
0.0
5.0
0.0003444316877152
8.33
0.0019704937666234
41.67049368541905
24.19
0.0292911039344699
5.496249895035499
25.81
0.0022956721798124
5.0
-35.459042204544666
12.9
0.0213437354155128
0.0
5.74052812858783
5.0
3.12
7.2548888218783425
2.78
0.0300348195976679
27.42
1.0314867665978
6.0
25.81
0.0
-0.6516261385235469
8.0
0.0005166475315729
5.0
0.0149891630152689
4.0
0.0
4.17
10.466728244416604
4.0
0.0002870264064293
8.06
0.8543153103590093
4.17
0.0
3.608415982292357
3.12
3.467401594430279
16.13
2.563137351165242
6.0
12.5
1.7914901711391968
38.71
0.013299578570977
2.0
0.0
6.0
0.0004018369690011
0.0
0.0442149208492039
3.23
0.0094439360415983
10.0
76.53193202867111
1101.0
9.302000045776367
0.0
4.0
10.718003930450854
10.0
-1.188803586069026
7.0
4.17
0.5350924855806867
28.658361559216942
8.0
319.48196893965815
3.0
0.0002296211251435
9.0
0.8924467485977907
1.0
0.0001148105625717
-0.0001298582603822
4.0
0.8026656185207504
33369.0
5.0
2.056494401697615
0.0
35.48
9.760301866399562
5.0
7.0
-55.55420247184962
3.57
87.31725428606399
2.78
3.274398088078622
5.0
7.0
1.2611048245741394
3.12
2.795672270946169
33.87
0.0030793589680252
2.0
0.0001722158438576
0.0
7.0336754899461935
12.5
0.0115712761749497
29.03
0.0001254708097862
32.26
0.0175616260175192
3.23
2.330108685297983
1.61
0.9236061489264662
8.0
0.0005166475315729
2.0
-4.099058125255727
8.0
0.3329506314580941
0.0
17.74
0.0002720578766731
6.0
-2.4585525206580656
24.19
0.0121931516208498
8.0
81.67409838865707
24.19
0.0001395042718606
6.45
0.5689234061042721
34.39399981498718
4635.227398375571
10.0
78.21256049041874
49.03076210962573
725.0
1.0
1.499388847316488
2.1359406153173346
2.78
15.596771849824355
2.0
0.0001722158438576
9.0
0.0005740528128587
1901108.356055037
29.03
0.0168422108579489
12.9
0.0075030159246864
27.42
0.0138583552032955
5.0
0.0027755558350286
8.768219223519523
5.0
19.315644960541665
0.0
25.0
0.0
2.78
6.745382806775249
37.1
0.0671182075422662
0.0
86.995
0.0
2.0
0.8574297811101249
5.0
0.4558872509763317
3.12
0.0849454382967947
8.06
3.9808165755403024
0.0
0.2241733037371361
0.0
4.0
6.25
0.031566017915736
503.0
0.0
0.5825952142122053
11.0
-6.2465972021491085
38.44431687715269
45.16
0.0096729690191468
10.0
-8.606085985452411
8.06
0.020632294533709
1.0564135912406434
0.0104075315629138
3.12
12.3773701355321
3.12
153.19929147196194
6.45
0.1610724543506355
0.0
0.0041172325949346
20.97
0.0001447359720572
0.3691150560137194
1.22599995136261
87.1272589021875
11.0
0.0
10.0
1.1342273280221344
0.0
5.74052812858783
5.0
0.0
0.0
25.0
0.0
8.0
42.28128382340461
2.931999921798706
26.57699966430664
2.103528128368066
6.529047072330655
40.32
0.0505712571080424
15.62220008530118
29.03
0.0043540816999112
8.33
0.0201799319406242
12.5
0.0318106741761167
7.0
3.0737366090157563
1.0
1.1398993021249455
5.0
2.6287172312673066
87.84133941214087
-187946232.9215161
9.0
0.0005740528128587
76.70930864758445
5.0
1.8043615364950083
2016.990249502988
6.0
-4.715764861740289
120.84935486904264
2.73901811080671
5604608.0
1.61
0.000606349562319
1.0
13936.0
7.0
0.3176125946644768
0.2543915955287356
25.0
0.1079696351712318
3.0
0.0002296211251435
19.35
0.0185326170483928
43.55
0.0129147716913085
24.19
0.1160243290727097
0.0057405281285878
48.39
0.0021709988297866
29.5
8.33
0.2675493319837092
3.0
0.0002296211251435
2.0
0.7202717160714185
7.0
0.8834145717541931
3.57
0.6249658896464355
0.0
13.628757339104336
6.0
0.0301261886605203
0.5353196840945647
2.0
0.0001722158438576
2791.0
6.0
0.9755950492771588
6.0
0.0004018369690011
4.17
2.8651720275578207
11.0
-5.254482680904872
3.57
2.8911803877578888
12.5
0.1783554713938339
0.212999939918518
43.55
0.0114968869359092
32.26
0.0121010824615085
38.71
0.0023101788941318
73.55381869925478
45.63746317489929
9.0
-169.1726128026184
0.0
3.348115409938936
6.25
0.1868612297287464
9.68
0.0009118320260761
4.17
0.0062736841438962
3.57
0.0194355777955827
8.0
1.2947042282525936
14.52
0.068471528134053
12.9
0.0
5.0
0.8834145717541932
5.0
4.485414444844678
2.78
149.2377430790443
4.17
4.47440281013484
1.0
0.0
2.78
12.364659198846928
1.0
13936.0
19.35
0.020600536923645
8.0
0.0005166475315729
16.13
0.8608700679974515
2.0
0.0001722158438576
48.39
0.0442615316527072
19.35
0.0001867354383199
5.0
0.3176125946644768
0.4850860903086214
4.0
0.3511278221276409
12.5
3.632447849224596
6.25
2.3888506337793425
7.0
-31.48125249463735
4.17
74.8346034798747
6.25
3.251083556863628
2016.990126291619
15536.521479129791
22.58
0.0034661681971505
17.74
0.0
17.936947865706802
22.0
13.416385934393093
6.0
-9.313245317896843
8.0
3.57
379.4832268078836
6.0
0.0004018369690011
45.16
0.0011796111535964
9.68
0.040557761024926
45.16
0.0028870122921128
2.0
5.612572455773881
-1.986463314714456
36435154.09471384
8.33
6.374582452872312
3.0
17.599136144693595
15.64776119402985
1379.0
0.0
5.74052812858783
5.0
2.041141224876529
10.0
-78.60762130456702
4.17
0.0
32.330654420206656
8.06
5.407697952510837
6.0
8.33
11.992049148483666
-3254024072.433482
4.0
0.0002870264064293
11.780999660491943
46.77
0.0628997068887879
-0.0023517511117324
18364.16886748449
3.23
0.1748127165159296
25.0
0.5661872451964634
12.5
3.897374858421852
16.13
0.0
4.17
20.68735772228156
0.0
4.17
2.9442879421079025
32.26
0.0030343485956153
0.0
1.8419990539550848
8.0
0.0005166475315729
9.0
-27.696981341297903
5.0
0.0
4.17
20.68736194637563
-1.253517066325121
1335.0
725.0
16.13
0.0066919159644224
10.0
10.696976099768747
43.55
5.730748067018789
5.0
7.0
0.8628685600552999
11.0
0.0
5.74052812858783
5.0
31.56800079345703
0.0
6.25
0.0
4.0
53.21012801867629
0.7240002155303964
8.33
2.6873952066238025
2862.0
1.0
5.0
0.0003444316877152
7.0
-12.683662846101235
3.57
2.016189113884422
6.0
0.2831911235956268
4.0
0.0002870264064293
11.0
6.25
1.596835543626894
25.0
3.992876550554347
2.0
1.1829791878355622
0.0
0.2044464245934506
32.330654420206656
8.0
0.8026656185207504
7.0
12.115332788218796
6.0
0.0004018369690011
5.0
1.4562992485770894
0.0571371834070988
0.6590003967285138
9.130999565124512
43.55
8.202939166698828
5.0
3.23
0.0720431094824218
6.45
0.0254196139474065
9.0
0.5612306460939542
50.0
0.0004885318490493
2.78
0.0112864655714401
25.81
0.0109231953705304
43.55
6.277590389735052
7.0
11.0
69.82556006958434
6.0
0.8526568897196682
11.0
-11.139247573104589
3.12
9934.44801423111
3993.0
11.0
26.745357319107956
8.33
0.0046087660987457
3.57
172.83058069508732
3.0
25.0
155.20672529521164
25.0
12.45819911926325
1.0
25.0
8.33
0.0
2899.0
12.190953984503103
46.77
0.1156410460389187
6.45
0.0407127873412137
1538684.472563139
27.42
0.003418913389684
9.0
6.104776183706844
2.78
0.0361543105731505
30.65
0.0
2.9880604902974053
5.941446613088404
0.012894845548779
36.24363917931746
1.0
13936.0
3.57
11.300939670780195
11.29
0.0110896060061113
11.887924528060434
0.0
6.25
0.0343446901645525
8.537565270904558
5.0
12.350153849899607
7.0
0.000459242250287
20.97
0.7659422140289013
41.94
0.0791038188849683
8.68499755859375
9.0
0.0
62.14175157652777
2.7244838899597306
10.0
-0.9880650136319656
48.39
0.0099062775894842
33.87
0.1003466712954524
12.5
0.0
35.48
0.0092533421882554
33.87
0.0001028975969296
6.25
2.209336710686766
5.999080988240815
2.002408727707936
41.882893226176805
2.0
1.7209492024471065
37.1
0.0065883549769532
20.97
0.0144022457135621
4406.0
0.0
8.33
37.40354268382321
322.0
3.12
0.0
8.06
0.0942271078099503
0.0
728.0
7.543487741544783
5.0
12.9
0.0004077039345496
1.0
0.0001148105625717
8.0
0.0005166475315729
35.48
0.0027787872322867
1.0
0.0873517919726719
4.0
0.0002870264064293
2.78
0.1011708575787815
9.963946581176163
4.17
2.865178896092272
2.12478750149364
2.78
152.8745615612067
1.0
1.165663166941145
4.0
-0.0862127995108144
0.0
3.0
0.8379597168524477
4.17
4.474372556063489
0.0024685688041793
2.0
0.8723174764892435
0.0763451798912677
12.5
0.7936307758192137
25.81
0.1049129772745798
8.927024666264535
0.0
25.13833390496319
3.57
0.0119646109422889
0.0
0.0578714169767598
8.33
1.1384513313972864
10.0
1.0820753490284114
0.0
-0.0001722257305241
2.0
0.0001722158438576
8.852775268107612
5.0
0.4460101013102837
12.9
0.0008556843155076
-0.2355252785290215
11.204999923706056
16.13
0.0003357547255895
3.57
12.44002135248336
8.06
0.069965992112647
2.5548665624513704
6.0
0.8389420498563043
12.5
3.2094232077282627
6.0
0.0004018369690011
38.71
0.0501734002156695
5.0
0.0003444316877152
1.0
2.2136054674311
0.0
0.3517064058087737
6.0
0.6972753270401014
16.13
0.0248024522224969
3.12
0.0251732159248609
5.0
41.51845524554044
8.0
0.0005166475315729
4.17
0.0010732360113799
1.0
5.0
6.25
3.5833158966158973
1.0
1.246008972838016
10.0
-0.9687647335117872
3.23
6.671027044400558
32.26
8.377538148535818
7.0
1.0
0.0001148105625717
2.78
0.0
3.57
0.3905823632174955
4.0
1.486888139765485
41.94
0.0010756514675131
-8861773059.060059
208.0
25.81
0.0038239669705681
3272.0
0.0791664274642631
14.52
2.807885765896806
6.0
4.798805655939801
35554.63899612427
38.44431687715269
17.74
2.070568570508685
6.0
5.0
62.37622455595911
11.29
0.1830666336835422
32.26
0.0033921771302763
24.19
0.0437930026420545
0.8184009659791668
1.0
-0.0409508641427568
38.71
9.20987673968034
5.0
6.25
10.569462269698136
2840.0
0.0004204891806416
1.8656716417910448
67.43006766291725
19.35
0.0
3.57
0.5734232524713053
0.1377726750861079
1510.8141951274863
12.9
6.717565548383055
6.0
9.0
-5.200042527841173
0.0
2.0
6.390216576340169
0.0
5.575000286102295
19353.781049728397
-8.492449122143203
6.0
0.0
0.0743208942115784
-5438.657331371931
46.77
0.0101103318524571
41.94
0.0358023368779384
0.0057405281285878
3.57
8.358861500247071
1.104189860107507
6.0
4.0
0.6264189578069062
48.39
0.0059557411536646
3.12
26.272757628425754
50.0
0.0
148784.93681949776
9.0
2.3944757569283714
35.48
0.0018256673927799
11.29
0.0683617154354049
3.12
13.921104287669529
55.95359754816656
6.0
0.0004018369690011
2.78
0.0975967831218832
10.0
0.857429781110125
6.1442267606528125
4.91751060068324
19.35
0.0050890516306097
3.12
12.02287381705764
39.87944890929965
5.0
39.1122751905697
2.78
5.39424273858352
8.0
0.0005166475315729
19.116498947143555
30.65
8.88568151203199
7.0
49.91999999999996
3.0
0.4229800060160448
2.0
22.161991944730826
-9.490376159118606
6.0
2938.0
72.0
1.0
4992.0
3.0
10.47292037791832
3.0
7.705883356376484
3.12
0.0303020701793255
12.5
0.0009901658823093
6.25
0.127242696704469
2.78
3.945660885546853
2.78
0.9735253897210308
4.0
0.0002870264064293
14.52
0.1529875959900306
1257.0
45.16
0.0058183592115952
1.0
3.0
-0.1933474167158657
41.94
0.0059105843153268
25.0
2.427465763479389
3.12
0.009563224556677
8.0
0.3511278221276409
76.8816683516973
11.29
0.0
4.17
5.398682201286712
1059.0
3.57
6.331908971671628
8.33
0.0209473789505366
9.0
0.0005740528128587
55.11899948120117
-1.1332125410703064
7.0
2.0
-3.916004610125172
2.78
3.9492748511371496
5.0
2.6287130371460727
32.26
0.0765083207429632
25.81
0.0419390998137195
41.94
0.0958956785738561
0.0
9.0
0.0005740528128587
17.74
0.006187542952746
12.5
0.0108707356060994
7.586298130472779
37.1
0.0277913246119911
0.0
1.61
0.0469241891705423
6.0
0.0004018369690011
6.25
0.0019792185224631
0.0975889781859931
50.0
2.684453207547829
5.0
725.0
2.78
29.09695263237277
8.811710677382319
1.4982778415614235
1.0
13936.0
8.33
6.6418831207083935
0.0057405281285878
0.830335507962616
0.472091393483936
8.33
1399.025005300585
58.87699890136719
6.0
9.1309311339564
11.0
1.2042077311751356
2.0
19.92159124991232
14.630318344804458
0.0
1.0
0.0001148105625717
0.0114810562571756
5.0
3.261868653365816
9.0
3.12
0.0826114160105511
11.0
-118.98754322613954
8.33
0.3242318367850534
0.0138406568947325
4.365933505323048
43.55
0.0015298850038045
8.0
3.296440091604563
4.84
5.028273710062426
5.0
6.0
0.0004018369690011
29.03
0.0015866843855754
38.71
0.0015456505703116
0.0
0.0
9.0
1.3666247393775504
17.74
0.1199954014995911
3.57
12.440217808385205
7.0
0.7775881420614505
5.0
10.850072870648717
22.58
0.0166871376775701
17.74
0.0435432009927118
27.42
0.0601871597667532
2.0628971314126625
45.14925373134328
45.16
0.0792080860176356
0.0
46.77
0.0012763156942666
3.57
3.5138173320194346
4726.0
0.1090700344431687
0.2865671641791045
0.0
0.6606258183771698
3.57
0.0206519806083905
0.0
3484.0
0.0
5.74052812858783
5.0
3.57
6.331957666531293
9.304500102996826
2.78
2.707803780531417
4.84
0.1611005446698362
37.1
0.0178491770401242
4.0
0.8684646986475821
1.0
0.0001148105625717
25.0
0.7524541482352685
5.94274008854063
0.0
-0.6222013414330057
1.0
22.58
1.4148901502049802
6.0
8.0
0.0005166475315729
65.77694661727396
-979317552.2078692
0.6256630885351229
12.9
0.042670347284646
41.94
0.0029465052018238
6.25
0.3567109427876709
0.0989233464165812
9.0
-105.42926696246352
6.364189825156361
0.0
0.0
3.12
265.5930064757547
48.72146221418622
25.0
0.0002871326510599
25.0
0.0009914551249078
6.25
8.899201238415198
0.0
513.0
3.57
127.70517553294296
4.17
0.0
10.21856148311637
12.517602849080196
3.0
0.0002296211251435
5.0
2.056492528676785
4.0
-2.588231337187431
406848321.9013721
3.12
1.0194276358888135
5.0
5.0
62.33600796368653
8.33
2.8994086093816183
6.25
15.955780605848007
2.505000114440918
0.0
0.0
3484.0
7.393800229621124
2.78
0.9733689628841764
14.52
0.0002986157740851
9.68
0.0010209499215139
33.87
0.0014267105144882
8.0
0.0005166475315729
12.5
15.189389495716076
705560.7293154657
4.17
0.5350924855806584
0.0
5.400745846539127
0.0
0.000492128177726
2124.0
4.17
0.4204475242422245
0.0
3484.0
3.0
0.0002296211251435
38.71
0.0103771121609812
7.0
0.000459242250287
7.0
0.7781054737809099
5.0
15.30935454768312
3.0
3.080391518185247
0.1951779563719862
7.0
13.915271960396383
40.32
0.0217131076219359
7.0
7.220621639695651
3.12
7.815783446537312
0.0001148171536827
0.3691535197287045
4.17
0.0154721287349056
6.0
0.8595762501256115
5.0
0.5404803611963845
4.84
0.0
25.0
1.0253247554691094
44.91389207807118
25.0
1.0397271596040407
6.25
0.000480081789254
2.950540193115993
5.0
3.939909724119013
3.12
0.0015877316342566
1.0
1.224505548218278
8.33
2.524800355213807
22.58
0.0001373464524315
43.55
0.0020434985906958
38.71
0.0029399640781865
13.05642325606324
40.32
0.0455231807700246
37.1
0.002801611291426
11.0
-35.69566556675018
0.0
-0.2141722067867703
3.23
0.0
6.25
3.583299957589461
2.0
1.525753275861336
10.0
1.7209492024471065
11.0
1.499388847316488
1.61
6.85065647322719
6.25
2.388835799474247
2.78
110.04041694525552
24.19
0.1448537654667223
5.0
0.0003444316877152
6.0
0.7823844513381017
10.0
0.7202717160714185
9.0
0.9750993992747644
12.5
0.8178415685238447
43.55
0.0103957430316585
8.0
0.9171818130573064
3.0
0.5612306460939542
31.159586681974737
7.0
1.6310392558863382
1.1400461965618425
0.0090063092664079
43.61653272101033
9.0
0.9097741009893348
2.0
-0.8503388865742934
5.0
-45.88063325811487
5.0
-6.450507213882861
9.0
2.394475756928351
0.0
0.0611793094183462
9.68
0.0785112227753859
4.0
0.0002870264064293
-2078901086.3623765
13.6760835638571
8.33
2.52479354658402
5.0
0.8695807008300812
13.906000137329102
12.5
24.937510157385496
1.0
13936.0
1.0
-5.295298766599194
6.45
0.1061355137463578
46.77
0.0206444303511497
2.78
3.9456664313697134
61.52349901199341
45.16
0.0
0.0114810562571756
4.84
0.3032387370288928
29.03
0.0
0.0
0.0
0.0
6.45
0.0590781216497353
-0.4839441793761692
8.33
37.41779817121943
8.007349708498673
1.0
4.84
0.0064087715008594
2.0
0.5837836708842177
7.0
0.000459242250287
4.17
0.0559695249424841
5.0
0.8628685600552999
3.0
0.0002296211251435
-11488139182.74272
4.0
0.8627944948784501
25.81
0.0050186708344755
45.16
0.0947136446916269
9.0
1.091408083351416
5.0
0.4460101013102837
2.0
1.3674329954233253
33.87
7.873497618888505
7.0
4.167623421354764
3.12
4.534373676518988
20.97
0.0398342410644338
37.1
7.155231984081198
7.0
1.0
11.497703788748565
0.0
3484.0
37.1
0.0012460451132122
6.45
0.4453666600959762
22.58
0.0284654859202412
25473.26365944076
12.5
3.632466279508829
2.78
15.568239823734377
12.9
0.091180554024617
5.0
0.0003444316877152
29.03
0.4486506706665406
38.71
0.0067224743085213
0.0
1.0
13936.0
87.1247347300446
1.0
11.687000274658203
0.0002767638292066
6.020269028815695
48.39
7.949596635356378
5.0
0.0
14.52
0.0068514124371871
2.1680156815005964
0.1941700360749151
38.71
0.0
8.33
2.6873863090411945
0.011940983983007
12.5
13.19467737733639
29.03
0.0088778537551802
3.0
0.0
-22.301587152646604
4.0
38.25899994118022
27.42
0.0276018097296736
22.58
0.014245024280968
2.78
12.21629007019088
0.4088928491869013
3.0
12.983798348590517
0.0
5.74052812858783
5.0
40.32
8.662883009696092
5.0
1.0
1.6054267458237872
40744.80569553375
1468.0064384353154
19.35
0.0044082168965118
3.0
0.0002296211251435
-1.22599995136261
6.0
0.445904645585808
1.0
0.0001148105625717
5.0
0.0003444316877152
30.65
0.0691414973497974
4.84
10.098726045607682
3.12
0.0236583928864957
0.5970149253731343
-6.381423855113442
6.0
25.81
0.0001646155982977
7.0
-1.0253788861142994
7.0
12.9
0.0104162229174168
1.0
1.2042077311751356
0.8379123795719339
6.25
0.0
5.0
8.156999271860286
4.84
0.0032408058767806
5.0
-8.203468073398136
8.0
-1.203918841757933
12.5
4.37304685092228
2.78
10.648791980285647
3.0
93.2300033569336
8.33
7.222045174022053
15.22446561979705
8.06
0.1019615618682458
5.0
0.0099992868172975
0.0
2.0
0.0001722158438576
6.25
0.0106877911451099
6.0
73.71694618433068
40.32
6.629986810257963
7.0
11.635449409484863
5.0
0.0007794385403566
9.398330434587852
25.0
1.0397343762672744
5.7069800972262
5.0
0.0
25.0
0.2125138371439094
39.87944890929965
2.0
0.0001722158438576
3.57
2.986368372159125
19.35
0.0940104241528318
33.87
0.1168550820184562
15.36451733470107
15.651152025544963
2.3478760045924223
5.0
117.72408129838728
11.0
2.075861030784636
39.30539609644087
14.52
0.0224699745072752
5.0
1.8043617048438665
0.0
0.7255160202563036
2.0
1.1145229299030677
45.16
0.1839252911655232
3.12
99.67170117054845
-1.0498662362480233
5.0
8.33
0.0
0.0
0.6616164670149999
0.7387613588492465
-18.68000030517578
16.13
0.0447189101713375
3.23
0.9159961855022768
2.78
0.6522292665097565
1.0
0.0
0.0
0.0137260563955553
14.52
0.0152462758781102
2.3659818919792985
2.339101308659151
6.25
0.0084186494287051
9.68
0.2522235285922073
3.12
5.8207436503189305
50.0
0.0372021401281055
25.0
0.4085173679746592
2.78
5.39415912189961
9.0
0.0005740528128587
6.25
2.202930428801559
3.0
0.0002296211251435
27.42
0.0001350019465999
45.14925373134328
0.0
5.74052812858783
5.0
4782.0
11.0
-25.831057224152964
2.0
-0.9603874450352824
0.0
17447.78920684421
8.33
0.0069153859282758
6.0
0.0
2.0
0.0001722158438576
29.03
0.0116544051030443
6.0
18011.19467248407
2.0
0.0001722158438576
4.84
2.6449201189642717
45.16
6.461124315907054
5.0
1.0
0.0001148105625717
9.0
1.5588081449764988
16.13
0.0199631838296988
6.25
9.934882310283433
1.0
-0.0409508641426875
-1.7432272273977003
-1.270178710697609
6.0
29433.40765864178
0.0
0.2838640028452253
4720.0
1.0
2.075861030784636
3.12
0.7141579647821121
25.0
0.0005895367765511
4.17
2.50552367235796
2.967853042479908
1.0
1.1770996781663408
37.85101338472816
-4.029022875878948
90.0
38.71
0.0696657199160359
20.97
0.0002060123807498
8.33
36.444679234876254
8.0
135.35260286901652
42.81859931113662
3.23
0.0116555845887122
3.12
0.0055732131213869
50.0
0.0051055522397599
8.0
23.099015700482457
7.0
0.5928322954010419
2.488086188552948
29.03
0.0906879298247878
12.5
7.993931387916469
6.25
5.706536476849766
33.87
0.0384255593322585
16.13
0.1730207543300894
2.78
112.34337882868182
7.0
3.073736609015289
4.17
3.235269329002485
0.0
25.81
0.0288355236228146
6.0
0.5828319397622845
1.0
3.0367388066760403
10.0
1.3674329954233253
8.0
0.4894206614066664
16.13
0.00488742822822
-7.908767796062793
6.0
9.68
0.0154353696312373
0.0114810562571756
3.57
11.300671463808818
3.12
0.8646102261358798
25.0
0.1668864399369431
9.0
0.6983181894039934
38.71
7.505542489540428
5.0
0.0
3484.0
0.0
35.48
0.0631279041667106
3.12
0.0
41.94
6.41148535069883
7.0
8.520951381476044
36.15164599085406
0.0
0.0065814359593307
2017.1
351339.51
46.77
6.11160840013441
7.0
6.0
0.0004018369690011
687.0
6.0
1.25110022186273
8.06
0.0007554490597382
9.68
0.1455752998477971
11.0
1.1398993021249455
11.29
0.2523699994148406
30.65
0.0001161703808533
0.891929587182375
7.38801586460223
0.4521575218808713
16.13
0.0002717987116224
10.0
68.47020974483488
1.61
0.0
0.8569852413865967
6.25
2.4906725355356376
12.0
-8.92077595519092
6.0
63.499065736112335
2.78
0.112503342379294
0.0
7.0
48.39
0.0025054783512939
10.43826126666406
8.33
0.0012797288212426
3.12
3.731099608382163
25.0
1.0512898711945242
0.0152264204355993
11.0
1.246008972838016
1.0
-11.809744241338716
14.52
0.0
12.5
1.920590596312311
8.0
3.2964400916047056
6.25
0.4322744842443819
4.84
0.0627240704702222
4.17
6.277648872746117
1.9302769860844184
50.0
0.1437344243016977
37.1
0.0096210233830688
32.26
0.0631509991410551
2.0
1.1342273280221344
11.0
0.0
40.32
0.0028813891290999
3.12
0.0
4.0
0.0002870264064293
0.0
3.12
16.297024466931216
2.0058566273646883
0.0
19.35
0.0145804719657293
765.0
0.0281672579113274
6.25
1.486383769652631
0.0014352144210345
32.26
0.0001094550802581
4.17
0.0094881178239329
19425.141355823405
20.97
0.0148322115137577
20.97
0.0109147892599304
0.0
3.564508008368548
6.0
2.0
5.0
12.350229327837662
2016.0
40.32
0.0015358676030713
2.333942641441506
25.0
0.0890897405331357
2.78
0.0174512614233863
24.19
0.2941434063937879
1.842259948186383
17.74
0.333099985736706
7.0
-209.5719788083207
0.0033368010823611
12.5
3.6886582741468623
3.57
0.0248327446887514
5.0
0.6595279059672511
0.5019974401593906
16.0
12.6382183445593
19.35
0.0083272101330762
6.25
8.225362811938364
3.492733965538731
1.0
0.0
8833.368577777937
9.0
0.0005740528128587
24.19
0.0102623950428826
4.84
0.3298710199326489
0.0
3484.0
5.0
31.545673400891967
8.0
32.26
0.0
0.0
35.48
0.0129459026670888
14.52
0.000369222917243
0.0
715.0
4.17
2.0560095793210933
2.78
0.0
13.926016661192545
14.52
0.1195330154324949
0.0
19.35
0.1218322619245768
2.422502870264064
2.78
0.8076071245240007
2.78
5.415324341762782
33.87
7.84326426827575
5.0
950832.0
0.4126124395742831
37.1
0.0822095532528861
48.39
0.0575787098139533
4.17
3.235232332370676
-0.0130285020496868
3.12
5.125757633679704
0.1769766512611439
2.78
0.0281677168270227
41.882893226176805
17.74
0.0002417088088466
7.77298965550182
41.94
8.38072191316
5.0
9.0
0.0005740528128587
25.0
1.2953467601530548
3.57
87.3961504737036
0.0
-31.435362691566738
3608.0
3.007055827459893
12.5
0.0037182738044835
3.0
24.770949719932503
11.29
0.493424182308346
3.0
0.6983181894039934
4.17
0.0164540842475268
0.3
10.0
1.0237276651751404
8.33
6.641913776826993
3.823218878132504
0.0
6.25
49.88739459740662
0.1062546803047743
0.0
25.0
0.8948612188178897
2551.0
0.0
-15.275450138520238
35.48
0.0030152454725078
9.68
0.0648986743941157
7.0
0.8695807008300811
50.0
0.0013454012762046
3.57
13.146504504813716
30.65
0.0030949398355829
2.0
4.849781152615328
24.19
0.0038533073810776
0.332618067500292
8.33
0.3242489170443949
0.0
3.23
0.4770821218656018
0.0
0.0
3.8492832839794975
5.0
-0.811589476951919
3.0
0.0002296211251435
702.0
2.335974279622731
2.78
0.9474471379062176
32.26
0.1143014512377879
46.77
7.98455672768987
5.0
2.78
112.21278460549058
11.0
11.05600284715962
45.16
6.162442330757025
7.0
0.0114810562571756
-1.4883870946689688
5.0
2.8560460906400453
1.0
37.78300094604492
7.0
1.4562992485770896
17.74
0.0047338141201658
4.17
0.6484192503637014
5.0
101.6020336100446
1.15
27.42
0.0
0.0
25.0
8.995325158970617
19.0
1.0
13936.0
4420.0
-1.376678993312891
5.0
40.32
0.0099600892963225
25.0
0.0008162816906088
25.0
1.0810325664182865
27.42
0.0103898029141813
4.17
123.78827711761453
22.58
0.0
33.87
0.2862630272957532
4.17
11.126192268958349
22.58
0.0040710671556147
14.52
0.007957255856616
3.12
10.967491141824375
-0.0009934873975116
4.0
-7.058400262480774
1.0
-38.53495071169831
12.5
1.197814165798685
0.420732485466634
8.33
0.0221735371878378
0.2794292576549994
1.0
13.821999549865724
1.0
0.0001148105625717
0.0
107.89299774169922
4056.0
1.61
0.0820604797790332
552.0
4.17
145.20491879303924
1.0
0.0
6.0
19.469065521843977
33.87
0.0
-0.0001566680046124
3.57
23.51850729348722
0.0
41.94
0.0111439596221338
8.048140475663525
0.0
0.0
37.1
0.0032210964301146
10.0
0.1992653913224002
8.0
1.486888139765485
1.0
10.0
5.0
10.850158562150323
0.0078457754279119
12.5
0.5555376491591707
1302.1413399161836
5.0
0.5928322954010419
29.03
0.0689396207828405
1245.0
0.0
0.058636951549346
6.0
0.3076370928526407
11.0
1.2245055482182778
8.0
73.13453558930019
4.0
1.2947042282525936
8.0
0.0005166475315729
0.0007648545761279
2002.8050000000003
3.12
2.412622260365404
5.0
0.0003444316877152
8.0
0.0005166475315729
3.57
19.480336619284813
16.13
0.2068122973463166
10.643938411850982
7.0
0.9846941226657672
70.04818677740509
4.84
2.377804197340792
4.272000312805176
3.0
0.9501725262561544
1.0
0.0001148105625717
8.33
1.2268370331012253
9.0
0.0005740528128587
6.45
0.3470326950317735
0.0
4.0
0.0002870264064293
46.77
0.0026487880333641
0.0114810562571756
10.0
10.0
80.46519868857341
4.0
48.16857070096991
3.0
0.9750993992747644
0.0057405281285878
5.0
0.7781054737809099
0.0
2016.0
6.25
2486.2022559639654
1.9960416171070616
30.65
0.0242938151182081
30.0
208.0
24.19
0.0001625781945081
209169.03435739045
11.44991712659992
2.78
10.490015107007975
3.12
3.731174614946813
8.0
-10.543742165986815
9.0
0.4229800060160448
4.17
0.0554865849412545
14796228.08330999
8.0
-1.2730774861976069
12.5
0.1783554713938339
5.0
77.10015281702857
1.0
47.74100112915039
0.0
-0.2141722067867666
25.0
0.1079680256622209
20.97
1.5724369070117685
6.0
1.5270004272461009
6.25
67.6554138302761
3.12
99.77478919481324
0.0
4.84
0.1619430332613791
0.0
3484.0
0.2372880552437024
11.29
0.0612383139878368
2.0
0.9098101875492608
11.0
1.3480267551687697
4.770378874856487
16.13
0.0629465690214413
3.57
4.849588363303345
25916848.144588318
43.55
0.0223454012861261
9.0
1.1075726905523997
8.33
46.93434307596243
4.0
0.0002870264064293
0.0
3.57
19.48032922739972
2.78
8.187396904230189
8.0
0.8684646986475821
7.0
0.000459242250287
5.0
0.004695774688502
5.0
3.255720554382627
12.5
0.2161525565339698
2.78
67.03346806739809
-14.350000381469728
-2.6465001106262207
17.74
0.1362423912674572
1137.2949999999998
-153242406860.15652
4799.20147257596
12.5
19.123538760361264
38.71
0.0228857418960341
522.8949999999999
20.97
0.0026444588139105
0.0
3484.0
1.9302861035676655
41.94
0.0023715437211458
4.17
13.453236222688243
43.83035570537729
0.0
36.375
36.43899917602539
0.0
0.6363977765384639
2017.0
0.0010907629599862
17.74
0.014560801331193
40.32
0.0
8.33
9.233892720127665
19.0
1.4433177386484743
10.0
1.1829791878355622
4.17
0.0036453214560574
4.0
-0.0862127995108535
0.0
3.12
0.7141579647093528
12.5
0.0
8.33
0.2675493319837092
0.1792586127794439
1.0
19.0
6.25
3.2510709419663755
1.9156668006200128
7.0
0.0
1.0
27.42
0.0243211077618994
208.0
