0.0
3484.0
2003.8799967728555
35.48
0.0043960973174315
14.52
0.0089980221162118
4.0
0.0002870264064293
43.55
0.0002200445354138
12.5
7.387855345580964
19.0
2.78
3.672288703183225
45.16
0.003524702856902
2.1324183510230315
6.0
0.0004018369690011
50.0
0.017666248430665
14.64744186832796
5.0
2.847222971802448
12.5
0.242062025353346
10.0
0.7289813225911974
10.0
0.7109391254518914
3.12
0.7473373177449001
1.61
0.0823533990819908
4.0
0.9083643760818572
40.32
0.0065056826756153
12.5
0.0006885692230533
2.78
178.26784803039578
6.0
-44.26825172070611
0.0
0.0
7.451205510907003
25.0
0.5532325328090716
3.57
0.5897459826877693
2.78
1.916321659634213
10.214834642729189
2.78
0.8076071238602075
1.4695193191116176
5.0
12.5
0.216145142424632
8.33
11.992048262866644
32.26
9.244809642663188
5.0
7.421499633789059
48.39
0.0193464293356943
3012.0
19.35
1.8518269152113223
6.0
2.78
0.0
7.0
0.000459242250287
2.78
0.0041853370229941
2.118498938746886
8.33
0.071582645044929
0.0714736781675182
86.97474605413984
3.12
0.0005643155291623
1.6556843116792153
5.0
0.007217131515604
109.38372550167644
0.0
-0.6374611538550277
2018.0
3.57
0.0052198915402173
0.0613442226365156
7.0
3.0
1.0105423122769857
12.5
0.9335044800031655
4.17
0.5730351491980328
24.19
1.2413783418461817
6.0
12.5
0.0
30.65
0.00590097644853
25.81
0.0001233658313295
3.23
0.1092421875703824
0.0
4.0
0.5702738288114662
1.0
0.0001148105625717
35.48
0.0130528549933759
2901.0
12.5
0.0003522425942212
4.17
0.0
12.5
0.00080408999203
3.0
0.9571252544831966
11.29
4.358240590274872
6.0
22.58
0.0023903929837245
-3.0301343814338053
25.0
0.1829377966620923
1.0
0.0001148105625717
0.0
6.25
0.0008931217909078
0.0
3.57
2.986371891764595
3530.0
3.57
2.482184650492353
2.0
0.9063949806965628
19.35
0.0066736627784217
35.48
0.0283719568232383
3.57
0.0
5.0
0.0003444316877152
0.0
13.420194013048992
3.12
5.034351169497225
6.0
1.4422856561374942
27.42
0.0365765038796065
25.81
0.0518662780557288
46.77
0.0
0.0
32175.256903381367
0.7050051388596468
7.0
0.000459242250287
2.78
12591.709028918223
0.0
2.193000078201294
3.57
2.9666744993119143
0.4981724301253816
2.0
0.0001722158438576
7.0
0.000459242250287
6.45
0.0
0.0
0.7178429451451536
-0.0001747701399975
3.0
1.3666247393775504
4.17
20.39453742609356
3.12
0.8644867365928178
3.57
1.97615456816736
0.0
5.74052812858783
5.0
4.0
0.0002870264064293
3.0
0.0002296211251435
2.78
0.5954481318058872
1.61
1.8265977455970288
30.65
0.0088097677188583
0.032675479463472
3.57
0.0070228824720556
12.5
0.6688648312055426
4.009640712800916
5.0
2.388411597985692
5.0
8.10666469992533
0.5165807978692245
11.0
6.149742506376155
6.25
0.0
5.0
0.3178625378239082
2.0
0.0001722158438576
7.0
-152.0178529024295
1.61
4.268803311033692
-0.7768914035624136
0.100963313728273
10.0
-14.324854997698138
3.57
379.1865479218073
6.0
4.17
0.286323968124887
0.5421981831958468
1075.7349972736183
43.55
0.0
2.0
0.0001722158438576
0.0
3.57
6.161240639139847
0.0
6.050000190734862
-1.3778756119841713
0.597414499142783
0.0
1.2132446202643283
-1.371000051498413
9.0
0.0005740528128587
35.48
0.0
8.06
0.0014886146670697
6.0
0.0004018369690011
25.0
2.2281871240485027
0.0
5.74052812858783
5.0
1.0
0.0001148105625717
0.0
4.156142365097589
1.0
13936.0
25.0
0.4085174309013009
12.0
2.78
12.21631873702034
4.17
5.39864623229754
3.0
0.7153178400568507
48.39
0.0036146544781229
0.0
-0.7110000252723694
3.12
25.34469169781808
25.0
0.0002267449140582
6.25
0.0024955456937574
17505.156420973606
25.0
0.0
6.45
1.599049930721055
5.0
3.12
0.0213603475652286
5.0
0.0003444316877152
-3.764396527459605
7.0
11.45
4.0
43.32922511335425
3.12
52.63249360235819
0.0
0.0155981104878069
25.0
0.3943254942153665
12.5
0.0585940241181639
6.0
0.9338253259582168
9.0
0.7502575239092969
8.0
0.2541949585506238
8.0
-1.1005951948899702
7.0
-6099592998.22732
0.4926735665370514
43.55
0.0284424257251189
3.457502385090247
29.03
0.0067410029807753
3.23
0.1905407904706937
68.63848596924363
6.25
1.6362541553113656
3.0
0.0002296211251435
12.5
24.94369729870329
2.78
13.351698384247973
15.840935233548873
40.32
0.0309127605107861
17.74
0.0060314235969878
0.5186781105751408
92.9139210674697
0.0
3484.0
25.0
0.011657094565398
41.94
0.2867059038641078
5.0
0.0003444316877152
0.0
11.954322742904749
5.0
0.5405285448764828
0.8815677387633465
8.33
1.226837700551492
8.33
11.083852261412382
0.0
1.020051136518067
2.0
0.930994129455919
0.0
10.0
0.7928270909455561
8.06
0.0848084801867965
8.33
2.484045093616669
253.0
14.52
0.0297994345890687
9.0
0.0005740528128587
8.06
0.0011648331089126
0.0
15.243886573007732
3.12
16.297038465322554
20.97
0.0808370362222801
12.0
1.4855992471437054
5.0
12.5
63.90293903471613
4.17
0.6484886649911973
595.0
14.52
0.0064905551683133
0.0
-3.468325516609449
12.9
0.4354713723961472
76.0
0.0
-6737243198.611151
0.0
0.6285244286412033
1.0
13936.0
0.0
3.12
16.58111507149814
7.0
0.000459242250287
14.99030094866121
4.0
0.9031796484842132
6130.4969972372055
187382.2791750916
1.4569405741750292
10.0
1.525753275861336
0.6450682680435983
5.0
19.31564237233548
3.57
0.7572471541520016
6.0
-33.607786510629374
5.0
0.0003444316877152
2.077329594406814
27.42
9.766064763665488
5.0
8.33
1.6762154177435498
9.0
46.05038688716509
8.33
0.0
10.0
-6.1470167460038345
-2.328437434079437
0.0
0.0
6.0
8.0
0.1482082556485008
2.0
9.0
-20.222990135778957
0.0
6.25
12.840038586060633
27.42
0.0018860447197082
4313.0
23.0
2.0
18.29447230554248
6.25
2.6773237434677504
8.33
0.0007252784856618
3.57
0.6249658896431833
3.23
0.4777162940265478
4.17
20.39453762183295
6.25
15.364271575589084
12.5
0.0024788492029903
37.1
9.344583837151134
5.0
3.12
3.4674060733871563
6.0
0.0004018369690011
9.68
0.5963515789270641
16.050516647531573
6.25
0.4323051130679399
13.113248021326342
6.25
11.75848682575162
6.25
0.3567109427876709
1.61
0.1272025524131952
4.17
1.743112279111152
7.0
1.61
1.1712885593607596
7.375141332557705
13.874609283652804
6.0
55.522887900260976
8.0
0.0005166475315729
6.25
244.2514946095672
1.61
0.0775137449828574
9034.854008108376
43.0
3.12
0.5914261125359791
8.33
0.0
0.0
-1.1035209197370734
5.0
586.0
8.0
0.0005166475315729
1.0
13936.0
25.0
4.964817815930817
12.9
0.3947612559010555
3.57
0.347792205794847
25094.963490787053
0.0001286493702409
5.0
3885.77788884879
0.0
-19.74186883736764
89.19287777421597
1.61
0.0875464315387541
12.5
1.3085643011336618
11.29
0.0095339711697861
8.33
0.001518342221112
22.58
0.0092542600166911
6.25
3.429065007513217
12.48564867967853
0.0
0.0
11.0
1.19695821048434
43.77726750861079
7.0
-323.78278787773667
-1706978907.1243176
5.0
0.0003444316877152
11.29
0.0634276490622399
9.0
4.86828001337132
12.13547646383467
-5.374652038956643
6.0
0.1150398987756389
0.05
12.5
7.993931772251344
3.0
0.0
0.0
0.0119492114844254
22.58
0.0425063707458347
25.0
0.000569071861159
30.65
0.0323251668034543
-1.4837062991640713
3.12
1.9475492068165068
29.03
8.744653706337685
5.0
0.159613372710374
32.26
0.0018359448008383
46.77
0.0038928053443806
4.0
0.0002870264064293
41.94
0.0
12.5
0.0003910472938466
31.0
0.0
45.16
8.05233141328569
5.0
41.94
5.924445802134224
5.0
7.0
0.000459242250287
48.39
5.925770163346784
5.0
0.3254410549970087
3.12
5.034471306553468
0.0
4.17
0.0197070796799391
8.33
1.505129105788617
0.0
0.0
9.68
0.0185208762112761
1.0
8.806932719588097
6.0
0.0301261886605898
11.0
1.278790055432787
8.33
1.0327703914843125
3.0
0.0002296211251435
30.65
0.0024276276329561
8.06
0.0510100223342046
3137370.0
5.0
0.6595279059673933
45.16
0.0045840326696547
1.61
0.884856947335548
8.33
2.4840621380057284
33.87
0.0073526937349933
25.0
0.1378481346229303
32.26
0.0081266797324209
17.74
0.0213423220105343
3.0329150547514976
0.1758785446954925
3.23
6.959074006281838
5.0
0.2402565115647377
23.0
8.846661056167234
5.0
1239.0010286577049
4.17
0.0029123557377901
8.33
143.80922153892286
7.747000217437744
20.97
0.0
0.5970149253731343
0.0
0.0
3.001836969001148
-6.431725351960362
6.0
1.0
2.0
-0.3833524565858167
41.94
0.0040081582474329
8.0
0.0005166475315729
1.0
3.928999900817871
48.39
0.004023311307578
0.0
0.609000027179718
5458.591193524313
29.03
0.0003775644760461
-0.1587906357697971
22.58
0.038354564582073
3.0
1.5588081449764992
0.6089999675750732
534.0696250826119
1.0583499789237978
6.25
1.6099218073894352
1.0
1.6366349300057972
1.0
12.524999618530272
7.0
0.000459242250287
8.33
129.91323912908888
4.17
22.42744898403796
3.57
0.7573416695166757
1615.3065845185522
0.0
1.0
1.3480267551687697
25.0
0.8007751017336927
12.5
0.0467187225937644
4.0
17.32231484139498
38.71
7.062816719169856
7.0
-1.1087430264993028
0.2359376473224403
4.0
0.4894206614066664
1.5097588978185992
25.0
15.94306314796678
24.19
0.0025911087936283
0.0
10.0
27.78674710560865
25.0
0.0890897405331357
6.45
0.0016185369883228
3.12
274.9333770142628
13.681000232696531
-9.078323342630569
6.0
11.29
0.013237728361485
5.0
0.6213934531915337
9.0
0.6939946143739562
0.0147176828117024
5.0
0.3677524839339222
3.57
0.0
9.68
0.0
38186.76036859305
25.0
5.690017859289779
3.12
7.254825539071094
33.87
0.00256551068833
4.17
0.0132200872952243
5.0
0.0029290515641682
8.0
0.597768446088767
29.16762342135476
46.77
0.0270876690416251
30.65
9.29133554172156
5.0
-5.74085768413801
5.0
0.962604314223545
9.0
2.668046103802338
-5.703233986278292
6.0
1.0
-2.5654632210061363
8.0
17419.0
1451.0
0.0
2.9470000267028804
9.0
-69.08153484047907
12.5
0.0
25.0
0.6279534733425703
0.0
3484.0
3.57
0.016970349589871
2.78
0.006615429195445
4.0
16.394107485720546
7.0
0.000459242250287
4.17
9.282801076768209
2.78
5.153849414079141
4.0
0.0002870264064293
7.0
0.000459242250287
5.96999979019165
0.0139639386903714
8.33
0.0006746856756669
2.78
0.5954628407525672
0.0909999608993529
25.0
2.2281871142098497
3.57
7624.302896057158
1.7178237400825949
0.0
8.77400016784668
5.0
0.0013902273916616
170.76135965615515
2.0
0.0001722158438576
8.0
67.14047438937097
12.5
1.1439249543277137
6.45
0.0423126934112523
25.0
0.489359252301178
5.0
18.73926064826532
6.45
0.0020926447782288
12.5
0.8178418583889662
48.39
0.0014490407027846
-1389191534.6381676
35.48
6.674177735731679
5.0
0.0
0.0001148171536827
-0.1382061192654161
38.272534878535566
19417.319186723747
3.0
4.01014496923443
24.19
0.007142183503881
38.71
0.0326290006475905
6.25
0.0029355988796164
2725.705
8.0
0.6264189578069062
7.0
0.000459242250287
2.78
2.006056337065773
-1.216771314260244
6.0
0.3929450574640331
4.17
427.9667695296425
2.0
25.0
0.0079369818682614
0.0
9.68
0.013255104159515
17.74
0.0146696903365156
0.0
3.57
4.955764522736799
30.65
0.002120114290124
3.57
0.0
-0.2287361912708253
11.29
0.0005927964320558
7.0
27.043583612248447
0.0
6.25
0.4450612922661214
0.0
0.0
12.5
621.8794128497049
43.6796785304248
4.84
0.0062766618439135
43.55
0.0302596568878261
21.0
49.4038686852082
0.0
2.0
0.0001722158438576
39.84500574052812
40488.08764971669
6.25
49.86183165472329
45.16
0.0044707575005512
3.0
0.0002296211251435
5.0
0.0003444316877152
-0.2407521213023074
3.57
0.0
7.439724454649827
22.58
0.030487471901065
7.0
0.3677524839339222
17419.828427124747
2.0
4.883687266339825
0.8006990727258837
-0.0002700375394051
0.0
5.0
0.2921190208389743
12.5
0.8714306141859807
39.30539609644087
1.0
0.0
8.33
0.1051262839850095
37.1
6.91586542336899
5.0
3.0
-0.1933474167160051
5.0
18.73926087717892
0.856932145499343
5.0
2.23953142568808
6.0
0.2178411436654772
7.0
0.2402565115647377
5.0
0.001735867949393
5.0
0.0768892671463959
1.0
2.0213592131084583
25.0
0.0002093913091489
2.202100074291229
4.17
0.3283692822164116
1.126487262886813
8.0
0.3628842600489382
1.2440000772476196
37.1
0.2854383150863561
25.81
1.2696134465813214
6.0
0.0
18204.83392538471
16.13
0.0112618075758818
0.3670740748176221
4.84
0.4032641977742328
5.0
20.11894274202129
1.0
0.0001148105625717
27.42
0.0025420940173614
3.57
8.91839605423234
37.1
0.0
1.0
1.62896361899864
4.0
-6.947048992011573
8.0
9.0
0.4513536149072917
30.65
0.0037790045276768
-0.794400227852012
8.33
1.336885254724401
5.0
0.0
12.9
0.0381033472788583
8.33
11.083852214319196
8.335246842709529
-1.18580588052184
22.58
0.0001851814292442
226820.0
22.6485442863031
46.77
0.0045567976200788
-1403156912.7727826
46.77
6.693919244768107
5.0
5.0
3.2852343470939283
1369.0
25.0
0.0001275477919084
35.48
7.467340221363406
7.0
8.0
0.9031796484842132
0.0
8.33
0.1162635392065432
8.33
0.0033280954693944
1.0
25.0
2.385375831874252
80.12996680409239
12.5
1.7914863124590883
5.0
-0.4663076770378124
15.0
2.78
0.0264651739065046
25.0
0.0012244225359128
12.5
0.0017902799799379
11.0
1.1534899249364403
73.38835609528972
3.57
0.004584941581326
40.32
0.0045910420699071
3.57
3.7127108108608313
7.0
0.4558872509763317
11.29
0.0148362451084153
0.0
2.0
2.265991472526823
1.93027706939982
8.0
0.5702738288114662
5.0
0.0037351351021158
4.17
74.77666110828989
47.904414934072896
25.0
12.45954218792405
-5.934000015258789
9.0
0.0005740528128587
49.95013710309927
3.12
16.865757099188862
8.33
2.809698126681183
-22.70599937438965
7.0
0.000459242250287
42.42899894714356
11.0
-5.254482680904919
3.0
0.0002296211251435
0.0746268656716417
5.0
0.018373790406259
1.0
2018.0
4.0
3.0
-41.07442637737606
5.952927669345579
20809.08138065766
48.39
6.088173323504707
7.0
6.25
0.0071252564575655
13.324671589881694
19.35
0.0002423479865212
9.0
0.0005740528128587
0.3795695286613726
3.12
2.6977576548105047
43.5361653272101
-0.3836223092577968
4.17
3.775193569373231
6.0
0.0004018369690011
32.26
0.0060987580012122
6.733749866485596
8.441750049591063
12.9
0.0222491905455618
1.5539415057669757
5.0
0.0
3.0
6.749392296871945
0.5920395541118558
3.57
0.0028492633286152
2.0
-0.3833524565858088
660.0
27.42
0.0002574004406528
0.0
1.0
8.0
6.25
15.628547450330558
4.17
20.128392411533305
3.0
8.22642336256979
50.0
0.001817396595355
2.947000026702881
0.3519431079417421
50.0
3.036298041313396
7.0
1.6884460935900845
0.3512733405390586
5.0
0.0003444316877152
46.34999847412109
20.97
0.0975692129181346
0.6367318500278322
3.12
0.0146125081295861
50.0
0.0027470137031531
50.0
3.964605741508099
5.0
8.068271945871043
0.0
1.0
30.65
0.0412565720701553
43.77726750861079
5.0
3.288416055502958
0.0
0.2144595743553591
4.0
-2.9704135963234
6.0
12.5
1.1439250085597863
20.97
0.0004240130208992
0.6183592716759456
1.0
3.332244159349413
6.921301534687887
0.0
5.0
0.0
1.0
-0.2020486567833109
11.0
2.0213592131084583
9.0
0.0005740528128587
0.0
-11.111564476025924
0.0
33.87
0.0057111677278622
8.33
1.33688661340085
3.273354947474916
3.0
-5.56956514302075
8.0
666.0
12.5
6.405209929840312
5.0
4.485439489841456
43.55
0.0062043053293103
2.665000438690185
4.17
4.735820929922573
1.3559962673301114
-6.548422815789886
6.0
6.25
1.636252958276241
0.0
5.74052812858783
5.0
6.0
8.671857575978994
3.0
0.4513536149072917
8.0
25.433185245169938
0.0
12.9
1.7045928139661373
24.19
0.0
0.0
0.0010054125767985
2.78
13.647506990890642
11.29
0.0006374025629305
25.0
0.0017949982115138
0.5289848420001184
0.0
5.74052812858783
5.0
0.0057405281285878
70868909192.0
2.8329999446868896
10.0
0.0
11.0
6.404685971399058
0.0
6.0
0.0004018369690011
5.345999717712403
0.0
0.0006688246450668
40299.6346384274
40.32
7.012932546980912
5.0
0.0
46.77
0.0058680317087176
11.0
-63.44349194455114
37.0
1.0
-1.2265220682536484
13.114310574322689
0.4871148453717996
4152.0
3.57
0.0020637681274732
33.87
0.0068297325634893
-2.795797626476318
5.0
20.97
0.0087761389932456
50.0
0.0019737487849361
19.35
0.0563867693154501
5.0
0.1989250104708095
29.03
9.594096835159023
7.0
25.81
0.0024487471007051
2.78
8.18747672983387
25.81
0.2933945383975163
25.0
3.9928766339924127
5.0
373.0940402559618
4.0
0.1482082556485008
8.33
1.6762155535258418
3.0
-19.812945719102636
0.0
-0.0010623072411063
11.0
2.2136054674311
3.57
40.09307122553565
0.0
0.0002426148934404
3.57
0.5897390997677252
4.0
33.43312251345095
0.944064072772975
-1628051462.0261045
50.0
0.0022922576534366
0.468000054359436
4.9687957769565845
14.782867924294992
693.0
25.0
0.0002654574006866
10.0
0.5837836708842177
1.0
13936.0
8.415614236509757
40.32
0.0031089708029404
1.0
0.0001148105625717
4.17
2.505526324171158
6.25
0.0
12.5
0.0001573168676781
3.23
8.85445137115882
5.0
4.17
29.145381141500422
6.25
0.0051459747315693
41.67049368541905
1.71912035001018
48.39
0.0
9.0
-1.1554422709759473
7.0
5.0
0.0
-0.0002338272544369
9.0
0.0005740528128587
0.0
5.74052812858783
5.0
3.0
0.6000275156471426
8.33
0.3409743967023672
6.25
15.955782196784805
3.57
0.0289358860086621
3641.0
8.06
2.566093673260695
3.0
0.371260432806386
0.05
8.498000144958496
45.344431687715264
5.0
17.907919760219578
3.0660619981835
25.0
0.1378481936314755
11.0
-1.2000000000000004
7.0
0.0
10.0
-0.9687647335117964
12.5
1.3145362174365984
12.5
6.683154295661018
9.0
6.012116181630177
1.0
1.278790055432787
6.25
2.5918396081672848
6.3203214695752
6.45
0.7851853249575604
0.4970322458185098
25.0
0.0
8.06
0.0
0.0
25.0
0.8948603811398137
0.0
6.25
254.5869347419554
8.0
0.0
0.0
0.0
5.74052812858783
5.0
4.0
0.2541949585506238
919.9101806365052
4.0
0.0002870264064293
1.0
0.0
9.68
0.5206047306584932
0.0
4.17
5591.549046504034
0.0
5.74052812858783
5.0
35.48
0.0074004784608597
9.68
7.795614872012278
6.0
11.0
1.62896361899864
0.0
3484.0
6.0
99.59776677637666
0.5995346203442732
1.0
5.106651444316431
0.0
-7.177309593299187
2900.0
0.0
4.2199997901916495
2.0813857342358526
3.12
0.0
0.01924248667786
1.0
13936.0
3.12
0.5100215985578052
5.0
1.2611048245741394
5.0
4.22916152050344
10.0
-8.57857257192265
46.60495598917459
2.78
0.0
5.0
0.0003444316877152
8.33
0.0019059881604672
41.67049368541905
24.19
0.0048425012219274
2.3533753355688463
25.81
0.0022956721798124
5.0
-35.459042204544666
12.9
0.0133138214357487
0.0
5.74052812858783
5.0
3.12
7.2548888218783425
2.78
0.0103204386073841
27.42
1.0314867665978
6.0
25.81
0.0
-0.3893998226582715
8.0
0.0005166475315729
5.0
0.0149891630152689
4.0
0.0
4.17
6.501980319667351
4.0
0.0002870264064293
8.06
2.9093690942598056
4.17
0.0
3.608415982292357
3.12
3.467401594430279
16.13
2.563137351165242
6.0
12.5
1.7914901711391968
38.71
0.0033550262336103
2.0
0.0
6.0
0.0004018369690011
0.0
0.0442149208492039
3.23
0.0094439360415983
10.0
-37.07291744442663
1101.0
0.9589999914169312
0.0
4.0
10.718003930450854
10.0
-1.188803586069026
7.0
4.17
0.5350924855806867
28.658361559216942
8.0
319.48196893965815
3.0
0.0002296211251435
9.0
0.7153178400568507
1.0
0.0001148105625717
0.0002461105792118
4.0
0.4541657194323639
33369.0
5.0
2.056494401697615
0.0
35.48
9.760301866399562
5.0
7.0
-79.17109131138635
3.57
87.31725428606399
2.78
3.274398088078622
5.0
7.0
1.2611048245741394
3.12
1.9475301479800209
33.87
0.0002733652827615
2.0
0.0001722158438576
0.0
3.279745789544536
12.5
0.0052307792976472
29.03
0.0001254708097862
32.26
0.0053288471539499
3.23
6.694734634491812
1.61
0.9236061489264662
8.0
0.0005166475315729
2.0
-4.099058125255727
8.0
4.931113662456945
0.0
17.74
0.0002720578766731
6.0
-2.4585525206580656
24.19
0.0121931516208498
8.0
96.46553309465229
24.19
0.0001395042718606
6.45
0.8116651267725906
4.41700005531311
2326.544900945723
10.0
74.8111979284489
22.450012671259863
725.0
1.0
1.282657136125202
2.123055298144407
2.78
4.024237343069924
2.0
0.0001722158438576
9.0
0.0005740528128587
160239.15436507284
29.03
0.0049935960989589
12.9
0.0075030159246864
27.42
0.0035766381660108
5.0
0.0027755558350286
8.768219223519523
5.0
19.315644960541665
0.0
25.0
0.0
2.78
0.3545584776711212
37.1
0.0343916688805037
0.0
86.995
0.0
2.0
0.8574297811101249
5.0
0.4558872509763317
3.12
0.0083442253243741
8.06
3.9808165755403024
0.0
0.2241733037371361
0.0
4.0
6.25
0.0135896715241413
299.0
0.0
0.3844155783013088
11.0
-6.2465972021491085
38.44431687715269
45.16
0.0021132694241043
10.0
-14.529331365033809
8.06
0.020632294533709
1.0564135912406434
0.0104075315629138
3.12
16.86575503506271
3.12
284.4536929027431
6.45
0.1610724543506355
0.0
0.0019301996227833
20.97
0.0001447359720572
0.5028330670558213
0.2739999294281005
87.1272589021875
11.0
0.0
10.0
1.1342273280221344
0.0
5.74052812858783
5.0
0.0
0.0
25.0
0.0
8.0
44.89571003598181
3.0460000038146973
11.395999908447266
2.0757917860507127
6.529047072330655
40.32
0.0295311452757103
14.238140007838055
29.03
0.0081150920042495
8.33
0.0009475219604411
12.5
0.0318106741761167
7.0
3.0737366090157563
1.0
1.1398993021249455
5.0
1.8134037772788072
87.84133941214087
-187946232.9215161
9.0
0.0005740528128587
76.70930864758445
5.0
0.5265055258632246
2016.990249502988
6.0
-13.324118838764203
92.2482439961459
0.4205173087346405
5604608.0
1.61
0.000606349562319
1.0
13936.0
7.0
0.3176125946644768
0.2543915955287356
25.0
0.1079696351712318
3.0
0.0002296211251435
19.35
0.0185326170483928
43.55
0.0034486560312313
24.19
0.0484635724350921
0.0057405281285878
48.39
0.0040884495574603
29.5
8.33
0.2675493319837092
3.0
0.0002296211251435
2.0
0.7202717160714185
7.0
0.1940310345198785
3.57
0.6249658896464355
0.0
13.628757339104336
6.0
0.0301261886605203
0.5353196840945647
2.0
0.0001722158438576
2919.0
6.0
0.0751789112061657
6.0
0.0004018369690011
4.17
1.942985735761648
11.0
-5.254482680904872
3.57
1.9761670471311223
12.5
0.1783554713938339
0.242999792098999
43.55
0.0114968869359092
32.26
0.0024222052640505
38.71
0.0053744437188131
88.18570421417998
54.62533808172295
9.0
-169.1726128026184
0.0229621125143513
3.049453562518493
6.25
0.1868612297287464
9.68
0.0009118320260761
4.17
0.005517471187488
3.57
0.0032180347716169
8.0
1.2947042282525936
14.52
0.068471528134053
12.9
0.0
5.0
0.1940310345198785
5.0
4.485414444844678
2.78
149.2377430790443
4.17
3.046773347937986
1.0
1.2790000438690186
2.78
13.647512181630214
1.0
13936.0
19.35
0.0049902754417996
8.0
0.0005166475315729
16.13
0.8608700679974515
2.0
0.0001722158438576
48.39
0.0271104782140693
19.35
0.0001867354383199
5.0
0.3176125946644768
0.4102815035669479
4.0
0.3511278221276409
12.5
1.5787217530701416
6.25
2.0641041518494325
7.0
-38.83062192016643
4.17
74.8346034798747
6.25
2.4381319981221043
2016.990126291619
10699.314003944395
22.58
0.0034661681971505
17.74
0.0
17.936947865706802
22.0
13.416385934393093
6.0
-9.313245317896843
8.0
3.57
379.4832268078836
6.0
0.0004018369690011
45.16
0.0011796111535964
9.68
0.0198762768726253
45.16
0.0002081839730894
2.0
1.837454399352012
-1.2319141706527943
1133989.9523938675
8.33
3.788994010698273
3.0
9.53762450206353
15.64776119402985
1379.0
0.0
5.74052812858783
5.0
1.7267836293278225
10.0
-78.60762130456702
4.17
0.0
32.330654420206656
8.06
5.407697952510837
6.0
8.33
11.992049148483666
-512352419.0193648
4.0
0.0002870264064293
1.309999942779541
46.77
0.0249610428154606
-0.0023517511117324
18364.16886748449
3.23
0.0746470064249597
25.0
0.2394723514954879
12.5
6.405209931772224
16.13
0.0
4.17
20.68735772228156
0.0
4.17
2.9442879421079025
32.26
0.0068378413469192
0.0
1.13800048828125
8.0
0.0005166475315729
9.0
85.02507840340967
5.0
0.0
4.17
20.68736194637563
-1.253517066325121
3738.0
725.0
16.13
0.0005941736556651
10.0
10.696976099768747
43.55
5.730748067018789
5.0
7.0
0.6779277603167053
11.0
0.0
5.74052812858783
5.0
9.686000108718872
0.0
6.25
0.0
4.0
49.27659457357209
0.3899998664855957
8.33
2.6873952066238025
2887.0
1.0
5.0
0.0003444316877152
7.0
2.1914765653167327
3.57
2.016189113884422
6.0
0.2831911235956268
4.0
0.0002870264064293
11.0
6.25
1.596835543626894
25.0
3.992876550554347
2.0
0.6336113304575133
0.0
0.2044464245934506
32.330654420206656
8.0
0.4541657194323639
7.0
28.63084631467834
6.0
0.0004018369690011
5.0
1.4562992485770894
0.0571371834070988
0.4219999313354492
2.2100000381469727
43.55
8.202939166698828
5.0
3.23
0.0064361012903709
6.45
0.0025720497478021
9.0
0.5612306460939542
50.0
0.0004885318490493
2.78
0.0102774415511215
25.81
0.0109231953705304
43.55
6.277590389735052
7.0
11.0
9.968725072867528
6.0
0.692067035316558
11.0
-11.139247573104589
3.12
9934.44801423111
4123.0
11.0
76.32468814840746
8.33
0.0046087660987457
3.57
24.558764719317587
3.0
25.0
155.20672529521164
25.0
12.45819911926325
1.0
25.0
8.33
0.0
2908.0
12.190953984503103
46.77
0.1156410460389187
6.45
0.0317266125102055
70559.99961626636
27.42
0.0062021246789881
9.0
6.104776183706844
2.78
0.0361543105731505
30.65
0.0
3.109740980132929
14.420206659012628
0.0179877674266109
4.17092265237705
1.0
13936.0
3.57
19.193480407955068
11.29
0.0009799003074896
8.566700420540554
0.0
6.25
0.0021585367682072
2.2422424215417096
5.0
4.231775012949008
7.0
0.000459242250287
20.97
0.7659422140289013
41.94
0.0318495198412524
5.339000165462494
9.0
0.0
62.14175157652777
2.7244838899597306
10.0
-0.9880650136319656
48.39
0.0012398323741787
33.87
0.044605587156249
12.5
0.0
35.48
0.0015396766677835
33.87
0.0001028975969296
6.25
0.1980782448863279
5.999080988240815
2.002408727707936
44.16188289322617
2.0
1.7209492024471065
37.1
0.0065883549769532
20.97
0.008955102993522
3631.0
0.0
8.33
37.40354268382321
5.0
3.12
0.0
8.06
0.0942271078099503
0.0
6.0
6.326425156970303
5.0
12.9
0.0004077039345496
1.0
0.0001148105625717
8.0
0.0005166475315729
35.48
0.0048287892939262
1.0
0.0873517919726719
4.0
0.0002870264064293
2.78
0.0119029969376939
12.853323699386458
4.17
1.942993569691247
2.1192359293298004
2.78
186.25444706640891
1.0
-23.59745049997824
4.0
-0.0862127995108144
0.0
3.0
0.6939946143739562
4.17
3.0467689569063503
0.0024685688041793
2.0
0.7928270909455561
1.26653119966161
12.5
0.2420623412184348
25.81
0.0452886406378537
4.600218332766861
0.0
25.13833390496319
3.57
0.0119646109422889
0.0
0.0662991880243147
8.33
0.3409751680627565
10.0
0.9063949806965628
0.0
-0.0001722257305241
2.0
0.0001722158438576
8.852775268107612
5.0
0.4460101013102837
12.9
0.0008556843155076
-0.5936800514498668
-25.08799934387207
16.13
0.0003357547255895
3.57
19.47271290605927
8.06
0.0887136540755401
2.5548665624513704
6.0
0.3106185112200701
12.5
3.2094232077282627
6.0
0.0004018369690011
38.71
0.0306800777233121
5.0
0.0003444316877152
1.0
2.2136054674311
0.0
0.3517064058087737
6.0
0.6972753270401014
16.13
0.0248024522224969
3.12
0.008500486046334
5.0
79.22512117126551
8.0
0.0005166475315729
4.17
0.0022256615821784
1.0
5.0
6.25
3.5833158966158973
1.0
1.0689773833650469
10.0
-0.9687647335117872
3.23
6.671027044400558
32.26
8.377538148535818
7.0
1.0
0.0001148105625717
2.78
0.0
3.57
0.3905823632174955
4.0
1.486888139765485
41.94
0.0010756514675131
-5571684964.733606
208.0
25.81
0.000298442884539
3272.0
0.0791664274642631
14.52
2.807885765896806
6.0
4.798805655939801
30078.84403926134
38.44431687715269
17.74
2.070568570508685
6.0
5.0
62.37622455595911
11.29
0.2668872377047898
32.26
0.0002504548842819
24.19
0.0059905439499811
0.8184009659791668
1.0
-0.0409508641427568
38.71
9.20987673968034
5.0
6.25
5.944481412518575
2880.0
-0.0012035133904489
1.9804822043628008
67.43006766291725
19.35
0.0
3.57
0.5734232524713053
0.1377726750861079
432.9408650588995
12.9
6.717565548383055
6.0
9.0
-67.33271828293307
0.0
2.0
6.390216576340169
0.0
2.487000077962876
10312.736993074415
-6.547837454347444
6.0
0.0
0.0722425116231516
-5438.657331371931
46.77
0.0017435142192292
41.94
0.0051129930806889
0.0057405281285878
3.57
3.905186877288725
1.104189860107507
6.0
4.0
0.6264189578069062
48.39
0.0059557411536646
3.12
7.277896364088673
50.0
0.0
10434.883695263745
9.0
2.3944757569283714
35.48
0.0018256673927799
11.29
0.0332732884309382
3.12
5.095583647852168
86.26071143940841
6.0
0.0004018369690011
2.78
0.041038983752681
10.0
0.857429781110125
1.164472527511968
4.91751060068324
19.35
0.0004372201085025
3.12
12.02287381705764
39.87944890929965
5.0
13.383300372441976
2.78
2.3987517261062163
8.0
0.0005166475315729
11.115000247955322
30.65
8.88568151203199
7.0
49.91999999999996
3.0
0.4229800060160448
2.0
2.266575688522652
-9.490376159118606
6.0
2917.0
72.0
1.0
4992.0
3.0
10.47292037791832
3.0
66.82643618892781
3.12
0.0303020701793255
12.5
0.0010453406253809
6.25
0.127242696704469
2.78
3.945660885546853
2.78
0.9735253897210308
4.0
0.0002870264064293
14.52
0.1087094252618471
1569.0
45.16
0.0058183592115952
1.0
3.0
-0.1933474167158657
41.94
0.0059105843153268
25.0
2.385375899755123
3.12
0.0086160130294284
8.0
0.3511278221276409
76.8816683516973
11.29
0.0
4.17
5.398682201286712
3628.0
3.57
6.331908971671628
8.33
0.0092020841413049
9.0
0.0005740528128587
14.87000036239624
-1.1332125410703064
7.0
2.0
8.76539645156615
2.78
2.006050184584105
5.0
1.813399033721745
32.26
0.0430015397785615
25.81
0.0068938447746621
41.94
0.0354516364755514
0.0
9.0
0.0005740528128587
17.74
0.0005227259030245
12.5
0.0009107016356063
7.586298130472779
37.1
0.0045967270229495
0.0
1.61
0.0469241891705423
6.0
0.0004018369690011
6.25
0.0019792185224631
0.0975889781859931
50.0
2.684453207547829
5.0
725.0
2.78
5.753903332044503
14.833524684270952
1.4982778415614235
1.0
13936.0
8.33
11.397948900091142
0.0057405281285878
0.830335507962616
0.4915979152881578
8.33
1399.025005300585
46.00699996948242
6.0
73.48188587608688
11.0
1.2042077311751356
2.0
-3.088799965231058
13.850849831546228
0.0
1.0
0.0001148105625717
0.0114810562571756
5.0
3.261868653365816
9.0
3.12
0.0347798604382528
11.0
-118.98754322613954
8.33
0.3242318367850534
0.0138406568947325
1.8092415392851544
43.55
0.0015298850038045
8.0
3.296440091604563
4.84
5.028273710062426
5.0
6.0
0.0004018369690011
29.03
0.0015866843855754
38.71
0.0015456505703116
0.0
0.0
9.0
1.3666247393775504
17.74
0.083619042722629
3.57
19.472713605686163
7.0
0.6213934531915336
5.0
18.98817450558853
22.58
0.0046471644755419
17.74
0.0076140667394505
27.42
0.0354447907952592
2.0628971314126625
44.97703788748564
45.16
0.0316717933703125
0.0
46.77
0.0012763156942666
3.57
2.4821867365062684
3626.0
0.1090700344431687
0.2865671641791045
0.0
0.519120072512225
3.57
0.0067807225176626
0.0
3484.0
0.0
5.74052812858783
5.0
3.57
6.331957666531293
1.590550112724305
2.78
1.9163492189546405
4.84
0.1516735051597418
37.1
0.0038847669235016
4.0
0.670503634622122
1.0
0.0001148105625717
25.0
0.4893591232372069
8.68500148372462
0.0
-0.6222013414330057
1.0
22.58
1.4148901502049802
6.0
8.0
0.0005166475315729
65.77694661727396
-979317552.2078692
0.595231672799814
12.9
0.042670347284646
41.94
0.0002434720423021
6.25
0.3567109427876709
0.9681990350495362
9.0
-105.42926696246352
1.0458367286443229
0.0
0.4020000100135803
3.12
265.5930064757547
19.04710676211553
25.0
0.0003554114236737
25.0
0.0001156772171853
6.25
15.62854742481102
0.0
5.0
3.57
368.38968591141617
4.17
0.0
7.067541093131278
12.517602849080196
3.0
0.0002296211251435
5.0
2.056492528676785
4.0
-2.588231337187431
406848321.9013721
3.12
1.0194276358888135
5.0
5.0
62.33600796368653
8.33
1.7872621842995264
6.25
15.955780605848007
0.5480000376701355
0.0
0.0
3484.0
9.144661308840412
2.78
0.9733689628841764
14.52
0.0002986157740851
9.68
0.0010209499215139
33.87
0.0014267105144882
8.0
0.0005166475315729
12.5
41.026714245324925
19053.55114513702
4.17
0.5350924855806584
0.0
5.400745846539127
0.0
0.000492128177726
199.0
4.17
0.4204475242422245
0.0
3484.0
3.0
0.0002296211251435
38.71
0.0012839718940162
7.0
0.000459242250287
7.0
0.9107557760375588
5.0
13.041756653890207
3.0
3.080391518185247
0.1951779563719862
7.0
-31.322910890080127
40.32
0.0037130767607063
7.0
7.220621639695651
3.12
3.792873677291081
0.0001148171536827
0.4712306759276704
4.17
0.0024328719988622
6.0
0.8595762501256115
5.0
0.5404803611963845
4.84
0.0
25.0
0.5532325449027371
45.344431687715264
25.0
0.7560501048788694
6.25
0.001144109812066
2.950540193115993
5.0
2.847220521829198
3.12
0.0035025644750285
1.0
1.4954587608732783
8.33
1.94653443741984
22.58
0.0001373464524315
43.55
0.0041420200308099
38.71
0.0002178645977501
6.826782257343103
40.32
0.0455231807700246
37.1
0.0066355228261
11.0
0.984442550943058
0.0
-0.2141722067867703
3.23
0.0
6.25
3.583299957589461
2.0
1.525753275861336
10.0
1.7209492024471065
11.0
1.282657136125202
1.61
2.022507075375358
6.25
2.064103838446333
2.78
26.56047958481645
24.19
0.0563597340677039
5.0
0.0003444316877152
6.0
0.6459959855865677
10.0
0.7202717160714185
9.0
0.9750993992747644
12.5
0.8178415685238447
43.55
0.0017873467158196
8.0
0.9083643760818572
3.0
0.5612306460939542
39.84500574052812
7.0
38.26248632591189
1.147065093892635
0.0078189279653332
43.5361653272101
9.0
0.6000275156471425
2.0
-0.8503388865742934
5.0
-45.88063325811487
5.0
13.139753131748156
9.0
2.394475756928351
0.0
0.0195126533816377
9.68
0.0785112227753859
4.0
0.0002870264064293
-2078901086.3623765
13.6760835638571
8.33
1.946533845248593
5.0
0.8695807008300812
5.960999965667725
12.5
24.937510157385496
1.0
13936.0
1.0
-5.148892153892302
6.45
0.0286246594319255
46.77
0.0037840667678272
2.78
3.9456664313697134
50.08699989318848
45.16
0.0
0.0114810562571756
4.84
0.2155677753613132
29.03
0.0
0.0
0.0
1040.0
6.45
0.0204736699265513
-0.3059154638757539
8.33
37.41779817121943
5.039491735602488
1.0
4.84
0.0064087715008594
2.0
0.5837836708842177
7.0
0.000459242250287
4.17
0.002825602366505
5.0
0.6779277603167052
3.0
0.0002296211251435
-6204764962.13418
4.0
0.3628842600489382
25.81
0.0075060805377902
45.16
0.0338967306893333
9.0
1.0105423122769857
5.0
0.4460101013102837
2.0
1.1959306182113802
33.87
7.873497618888505
7.0
4.167623421354764
3.12
4.534373676518988
20.97
0.0108210934325778
37.1
7.155231984081198
7.0
1.0
11.497703788748565
0.0
3484.0
37.1
0.0012460451132122
6.45
0.4453666600959762
22.58
0.0057021534502907
22005.95153278225
12.5
1.578730418617733
2.78
15.568239823734377
12.9
0.0300880920723134
5.0
0.0003444316877152
29.03
0.4486506706665406
38.71
0.0067224743085213
0.0
1.0
13936.0
87.1247347300446
1.0
2.45199990272522
0.0002767638292066
2.042283685577753
48.39
7.949596635356378
5.0
0.0
14.52
0.0005798476315469
-1.6052262391342278
0.2629652941835643
38.71
0.0
8.33
2.6873863090411945
0.011940983983007
12.5
2.4923623736168614
29.03
0.0088778537551802
3.0
0.0
-16.099489105235193
4.0
-2.0816973645885586
27.42
0.0276018097296736
22.58
0.014245024280968
2.78
12.21629007019088
0.4088928491869013
3.0
31.589417752395168
0.0
5.74052812858783
5.0
40.32
8.662883009696092
5.0
1.0
1.1534899249364403
32980.19298738241
285.8093701162193
19.35
0.0044082168965118
3.0
0.0002296211251435
0.975000023841858
6.0
0.445904645585808
1.0
0.0001148105625717
5.0
0.0003444316877152
30.65
0.0372777300356883
4.84
10.098726045607682
3.12
0.0040644309898783
0.5970149253731343
-6.381423855113442
6.0
25.81
0.0001646155982977
7.0
-1.0253788861142994
7.0
12.9
0.0013923946196474
1.0
1.2042077311751356
0.8567670510513767
6.25
0.0
5.0
5.704506948155029
4.84
0.0032408058767806
5.0
-8.203468073398136
8.0
-1.203918841757933
12.5
6.683154233611166
2.78
13.351698320078828
3.0
17.340999603271484
8.33
7.222045174022053
48.59698532862605
8.06
0.112661014492031
5.0
0.0099992868172975
0.0
2.0
0.0001722158438576
6.25
0.0106877911451099
6.0
-19.458556395064832
40.32
6.629986810257963
7.0
1.9355001211166385
5.0
0.0016524917782583
2.012589532294957
25.0
0.7560522356993126
0.8724759251192565
5.0
0.0
25.0
0.0190021082190215
39.87944890929965
2.0
0.0001722158438576
3.57
2.986368372159125
19.35
0.0940104241528318
33.87
0.0507384688208278
15.131924565537949
2.07748949865312
2.3478760045924223
5.0
360.5507710546823
11.0
1.696982757931596
39.30539609644087
14.52
0.0178235323232533
5.0
0.5265081191145943
0.0
0.1226969696673819
2.0
0.7289813225911974
45.16
0.1839252911655232
3.12
99.67170117054845
-8.98794798740951
6.0
8.33
0.0
0.0
0.3011783017427998
0.7387613588492465
-4.75600004196167
16.13
0.0069996033735513
3.23
0.9159961855022768
2.78
0.6522292665097565
1.0
0.0
0.0
0.0036844412849335
14.52
0.0049236549061741
2.317868916900258
1.8933459433596884
6.25
0.0011374502978826
9.68
0.5465665146074059
3.12
0.3497848465894206
50.0
0.0149398459978427
25.0
0.4085173679746592
2.78
2.3987295245701428
9.0
0.0005740528128587
6.25
1.6099191309402112
3.0
0.0002296211251435
27.42
0.0001350019465999
44.97703788748564
0.0
5.74052812858783
5.0
4289.0
11.0
47.2358483802872
2.0
-0.9603874450352824
0.0
17447.78920684421
8.33
0.0069153859282758
6.0
0.0
2.0
0.0001722158438576
29.03
0.0073350625856632
6.0
18011.19467248407
2.0
0.0001722158438576
4.84
9.490877152857337
45.16
6.461124315907054
5.0
1.0
0.0001148105625717
9.0
1.5588081449764988
16.13
0.0192087042040032
6.25
3.4290919359101117
1.0
-0.0409508641426875
-1.7432272273977003
-1.270178710697609
6.0
21552.01164007197
0.0
0.2838640028452253
3612.0
1.0
1.696982757931596
3.12
0.7141579647821121
25.0
0.0005895367765511
4.17
2.50552367235796
7.686567164179104
1.0
1.19695821048434
25.50363374851309
-1.3622737629508257
90.0
38.71
0.0696657199160359
20.97
0.0002060123807498
8.33
122.85177990886856
8.0
135.35260286901652
43.6796785304248
3.23
0.0116555845887122
3.12
0.0055732131213869
50.0
0.0009348748307792
8.0
47.67727278968943
7.0
0.5928322954010419
1.6396796050522913
29.03
0.0810313148707202
12.5
7.993931387916469
6.25
4.260524655888887
33.87
0.0079566409486818
16.13
0.1495194868424061
2.78
112.34337882868182
7.0
3.073736609015289
4.17
2.549899260467659
0.0
25.81
0.0052666224360693
6.0
0.5828319397622845
1.0
3.0367388066760403
10.0
1.1959306182113802
8.0
0.4894206614066664
16.13
0.00488742822822
-6.404332041767016
6.0
9.68
0.0009517611468943
0.0114810562571756
3.57
19.19348029700232
3.12
0.8646102261358798
25.0
0.1668864399369431
9.0
0.6983181894039934
38.71
7.505542489540428
5.0
0.0
3484.0
0.0
35.48
0.0298420004306509
3.12
0.0
41.94
6.41148535069883
7.0
8.520951381476044
0.3594417609913518
0.0
0.0026690262581004
2017.1
351339.51
46.77
6.11160840013441
7.0
6.0
0.0004018369690011
694.0
6.0
1.25110022186273
8.06
0.0007554490597382
9.68
0.0486809669750519
11.0
1.1398993021249455
11.29
0.2960897191736865
30.65
0.0001161703808533
0.6142323901454961
7.38801586460223
0.4521575218808713
16.13
0.0002717987116224
10.0
44.65585233123437
1.61
0.0
1.02957232383077
6.25
2.4906725355356376
12.0
-8.92077595519092
6.0
63.499065736112335
2.78
0.001309020300888
0.0
7.0
48.39
0.0002013844964744
10.43826126666406
8.33
0.0012797288212426
3.12
2.2573399495539364
25.0
0.3060662353583404
0.0115754670990907
11.0
1.0689773833650469
1.0
-11.809744241338716
14.52
0.0
12.5
1.3145364633638867
8.0
3.2964400916047056
6.25
0.4322744842443819
4.84
0.0627240704702222
4.17
6.277648872746117
1.9302769860844184
50.0
0.1437344243016977
37.1
0.0016370601293345
32.26
0.038543396063048
2.0
1.1342273280221344
11.0
0.0
40.32
0.0002210061517757
3.12
0.0
4.0
0.0002870264064293
0.0
3.12
16.297024466931216
2.0058566273646883
0.0
19.35
0.0045239310830152
1324.0
0.4637657154529075
6.25
0.4450598216940369
0.0014352144210345
32.26
0.0001094550802581
4.17
0.0094881178239329
17673.221701897393
20.97
0.0148322115137577
20.97
0.0109523429997606
0.0
3.564508008368548
6.0
2.0
5.0
4.231814901008014
2016.0
40.32
0.0015358676030713
2.848967423046454
25.0
0.0890897405331357
2.78
0.0174512614233863
24.19
0.2941434063937879
1.842259948186383
17.74
0.333099985736706
7.0
-209.5719788083207
0.0060905605933294
12.5
1.72800546695252
3.57
0.0248327446887514
5.0
0.6595279059672511
0.5019974401593906
16.0
12.6382183445593
19.35
0.0115569820489982
6.25
15.36427172721622
1.951534010864575
1.0
0.0
405.0749159898178
9.0
0.0005740528128587
24.19
0.0030056782027933
4.84
0.3298710199326489
0.0
3484.0
5.0
-0.9188684945197234
8.0
32.26
0.0
0.0
35.48
0.0033909281479582
14.52
0.000369222917243
0.0
3629.0
4.17
0.5730394714030527
2.78
0.0
13.325078235731109
14.52
0.0978427600936411
0.0
19.35
0.0620414331264675
2.422502870264064
2.78
0.8076071245240007
2.78
5.415324341762782
33.87
7.84326426827575
5.0
950832.0
0.472214952502186
37.1
0.0375848975476374
48.39
0.030052929553064
4.17
2.5498980998595515
-0.0130285020496868
3.12
2.697771047059349
0.1769766512611439
2.78
0.0049683409526654
44.16188289322617
17.74
0.0002417088088466
7.77298965550182
41.94
8.38072191316
5.0
9.0
0.0005740528128587
25.0
0.6279534172336085
3.57
87.3961504737036
0.0
-13.38673961796884
40.0
3.007055827459893
12.5
0.0037182738044835
3.0
55.81761931994736
11.29
0.493424182308346
3.0
0.6983181894039934
4.17
0.0051727108011013
0.3
10.0
0.930994129455919
8.33
11.397948939475327
2.69544310714524
0.0057405281285878
6.25
49.88739459740662
0.1062546803047743
0.0
25.0
0.8948612188178897
2551.0
0.0
-9.709059917437564
35.48
0.0002361697119972
9.68
0.0261627369475662
7.0
0.8695807008300811
50.0
0.0001170016601259
3.57
4.955680046100392
30.65
0.0002581145704995
2.0
-1.1892736267313146
24.19
0.0003105338637682
0.5059998476382833
8.33
0.3242489170443949
0.0
3.23
0.1527686381985611
0.0
0.0
3.8492832839794975
5.0
0.7777571002000969
3.0
0.0002296211251435
696.0
2.421124185005173
2.78
0.9474471379062176
32.26
0.1143014512377879
46.77
7.98455672768987
5.0
2.78
112.21278460549058
11.0
26.74865643280001
45.16
6.162442330757025
7.0
0.0
2.9604364404945844
5.0
2.388410967181952
1.0
19.76799964904785
7.0
1.4562992485770896
17.74
0.0047338141201658
4.17
0.6484192503637014
5.0
351.15988964362526
1.15
27.42
0.0
0.0
25.0
8.995325158970617
19.0
1.0
13936.0
3633.0
-1.376678993312891
5.0
40.32
0.0013223518055983
25.0
0.0008162816906088
25.0
0.5716117610873493
27.42
0.0103898029141813
4.17
405.1521810726715
22.58
0.0
33.87
0.2862630272957532
4.17
20.12839262222613
22.58
0.0003224716022201
14.52
0.007957255856616
3.12
16.58111508110099
3.765447041467965
5.0
4.0
-0.8494901615124314
1.0
-18.517121707624707
12.5
0.9335050652904908
0.4186886449001584
8.33
0.0010217376407757
0.2794292576549994
1.0
4.019000053405762
1.0
0.0001148105625717
0.0
23.643999099731445
4056.0
1.61
0.0115718889651899
3588.0
4.17
415.9371568243308
1.0
0.0
6.0
17.197472458179877
33.87
0.0
7.003845170168548
6.0
3.57
8.801111606669735
0.0
41.94
0.0020500740737927
4.829363542518573
0.0
0.0
37.1
0.000240234673087
948.0
0.1992653913224002
8.0
1.486888139765485
1.0
10.0
5.0
18.98817455648158
0.0374906737399574
12.5
0.5555376491591707
1302.1413399161836
5.0
0.5928322954010419
29.03
0.055763296936022
1245.0
0.0
0.058636951549346
6.0
0.3076370928526407
11.0
1.4954587608732783
8.0
66.51031391519237
4.0
1.2947042282525936
8.0
0.0005166475315729
0.0002631609225917
2002.8050000000003
3.12
0.5914364839501554
5.0
0.0003444316877152
8.0
0.0005166475315729
3.57
19.480336619284813
16.13
0.199392252604525
13.374802801982089
7.0
0.0768892671463959
70.04818677740509
4.84
9.320135105528047
1.4730000495910645
3.0
0.7502575239092969
1.0
0.0001148105625717
8.33
1.2268370331012253
9.0
0.0005740528128587
6.45
0.0876428499652098
0.0
4.0
0.0002870264064293
46.77
0.0002313488354841
0.0057405281285878
104.0
10.0
-1.8198466832464093
4.0
20.52943899447197
3.0
0.9750993992747644
0.0057405281285878
5.0
0.9107557760375588
0.0
2016.0
6.25
2486.2022559639654
1.9960416171070616
30.65
0.004804778766775
30.0
208.0
24.19
0.0001625781945081
6510.074931935631
11.44991712659992
2.78
5.15368601923094
3.12
2.257343608636364
8.0
-25.55909417466517
9.0
0.4229800060160448
4.17
0.0234711792363013
4371291.690460197
8.0
-1.2730774861976069
12.5
0.1783554713938339
5.0
82.26780056164817
1.0
9.16800022125244
0.0
-0.2141722067867666
25.0
0.1079680256622209
20.97
1.5724369070117685
6.0
0.9590001106262198
6.25
236.06084104845468
3.12
99.77478919481324
0.0229621125143513
4.84
0.0679388830557333
0.0
3484.0
0.2372880552437024
11.29
0.0192057373264619
2.0
0.7109391254518913
11.0
1.3480267551687697
4.770378874856487
16.13
0.0096327285198384
3.57
2.966666750187782
1817652.390877992
43.55
0.0042736126703167
9.0
0.371260432806386
8.33
6.170480027121046
4.0
0.0002870264064293
0.0
3.57
19.48032922739972
2.78
8.187396904230189
8.0
0.670503634622122
7.0
0.000459242250287
5.0
0.0041477639865824
5.0
0.2772080687645106
12.5
0.2161525565339698
2.78
67.03346806739809
-1.187999963760376
-4.079999923706056
17.74
0.1058345891496973
1137.2949999999998
-153242406860.15652
4799.20147257596
12.5
44.66455051023485
38.71
0.0041447089335065
522.8949999999999
20.97
0.0026444588139105
0.0
3484.0
1.9302861035676655
41.94
0.0046529182451829
4.17
4.735762766866386
4.300239086766587
0.0
1.4210000038146973
10.11400032043457
0.0
0.5755943053466224
2017.0
0.0010907629599862
17.74
0.0068780262302199
40.32
0.0
8.33
9.233892720127665
19.0
0.9973641301099466
10.0
0.6336113304575133
4.17
0.0036453214560574
4.0
-0.0862127995108535
0.0
3.12
0.7141579647093528
12.5
0.0
8.33
0.2675493319837092
0.1792586127794439
1.0
19.0
6.25
2.4381307209660794
1.9156668006200128
7.0
0.0
1.0
27.42
0.0043589981605949
208.0
