0.0
13936.0
4970.865002170205
35.48
0.0027411428606069
14.52
0.0046283935667096
4.0
7.175660160734788
5.0
43.55
0.0001160100762466
12.5
1.6519145787040193
19.0
2.78
4.347949504551599
45.16
0.0019375643260473
2.018792405514398
6.0
0.0001004592422502
50.0
0.0072878414080354
14.63378993818706
5.0
1.4314632821009745
12.5
0.1409040402248718
10.0
0.761384177703816
10.0
0.7293764108583181
3.12
0.1868743654475694
1.61
0.1769895581985845
4.0
1.1475216305532028
40.32
0.0016092634965945
12.5
0.0001721423057633
2.78
231.9996945295349
6.0
-91.96769721771577
0.0
0.0
4.163318025258324
25.0
0.3624786605736431
3.57
0.4216785797477487
2.78
2.085173734860383
10.25350898052188
2.78
0.4016456856160812
0.1168137665229742
12.5
0.1080753515152384
8.33
5.995564408024054
32.26
2.082101004605306
5.0
7.582299995422364
48.39
0.0297938583289172
12047.0
19.35
4.626697639454997
7.0
2.78
0.0150142644379472
7.0
0.0001148105625717
2.78
0.000935418234975
2.067318859237361
8.33
0.0178956612612322
0.0178676502246013
347.9139842165594
3.12
0.0004889128499695
1.6556741329234466
5.0
0.001804282878901
109.65441859692056
0.0
-0.0245691266246529
2018.0
3.57
0.0024331761598215
0.0537183548950382
7.0
3.0
1.2021797371881706
12.5
0.4924227199365531
4.17
0.3681574552531557
24.19
3.2813675980423627
7.0
12.5
8.852086426439275
30.65
0.0013675064040697
25.81
2.864338762986673
5.0
3.23
0.0624405642300114
0.0
4.0
0.7962231713328403
1.0
2.870264064293915
5.0
35.48
0.0373138123186631
11537.0
12.5
7.117902611229586
5.0
4.17
0.4543360350354227
12.5
0.0001895084077524
3.0
-0.1514477111711112
11.29
1.5157666430673375
6.0
22.58
0.0008056439999738
-3.007299331460337
25.0
0.045734449165523
1.0
2.870264064293915
5.0
15.0
6.25
0.0014401790694789
22.49967709065859
3.57
1.43275131315758
13102.0
3.57
1.8934500267946648
2.0
1.036878778211224
19.35
0.0039609306471702
35.48
0.0173759493060668
3.57
0.0102683138266851
5.0
8.610792192881744
5.0
0.0
13.420194013048992
3.12
3.156786330232676
6.0
1.6757367602233846
27.42
0.0232600126746142
25.81
0.0228656111584015
46.77
0.9308500991883027
-13.7134282448681
32173.871611245857
0.7050051388596467
7.0
0.0001148105625717
2.78
3153.425833053273
0.0
2.193000078201294
3.57
2.16778447632002
0.4376538746909981
2.0
4.305396096440872
5.0
7.0
0.0001148105625717
6.45
0.0006267036659844
0.0
0.8710919980002918
-4.369253486441338
5.0
3.0
1.5977767818452693
4.17
8.704657720136494
3.12
0.4322896777018501
3.57
1.6507771750259184
0.0
1.4351320321469574
5.0
4.0
7.175660160734788
5.0
3.0
5.74052812858783
5.0
2.78
0.5202928018115514
1.61
13.539596209962143
30.65
0.0021783868015752
0.3976394446885162
3.57
0.0017560040785948
12.5
0.1672162967002555
4.009640712800916
5.0
1.2536551743801714
5.0
2.049086536229649
0.5165808003258975
11.0
-44.72666301988732
6.25
0.2880671000238884
5.0
0.3199253367150549
2.0
4.305396096440872
5.0
7.0
-28.166367594698848
1.61
0.9741402920458292
-0.7251918562002321
0.1059087612671147
10.0
-2.655736369633667
3.57
121.46970806186116
6.0
4.17
0.0715807400906587
0.4753312347894334
1088.2761442550188
43.55
0.3227154312252626
2.0
4.305396096440872
5.0
0.0
3.57
3.5851530039687165
0.0
6.050000190734862
-1.3727872600077
0.6006997951270281
0.0
1.444590407715781
-1.371000051498413
9.0
0.0001435132032146
35.48
0.0710364964582909
8.06
0.0006418368126747
6.0
0.0001004592422502
25.0
1.0687365177413857
0.0
1.4351320321469574
5.0
1.0
2.870264064293915
5.0
0.0
1.0376004592422503
1.0
55744.0
25.0
0.2042587154506504
12.0
2.78
18.00204793992723
4.17
2.687355254582251
3.0
0.8958934603793512
48.39
0.0019891772501168
0.0
-0.675000011920929
3.12
9.965299934743888
25.0
5.668622851455963
5.0
6.25
0.00054613852722
69765.1564209736
25.0
445.3414976614888
6.45
6.41014561838979
6.0
3.12
0.005270328740427
5.0
8.610792192881744
5.0
1.1347346656825916
7.0
11.45
4.0
-33.078767436209745
3.12
12.837690566580878
0.0
0.1520555274241098
25.0
0.1617877101950609
12.5
0.0198539485516923
6.0
1.0864414259585589
9.0
0.9218257516422588
8.0
0.6081036674933566
8.0
-9.00833958159818
-123747452484.29216
0.4926485902153947
43.55
0.0149384788970167
3.457502385090247
29.03
0.0034448902272201
3.23
0.0494659438759897
273.08685707618406
6.25
0.8178418583888427
3.0
5.74052812858783
5.0
12.5
12.471848649351648
2.78
15.23153618597552
15.836493693065895
40.32
0.0160624115701662
17.74
0.0032977365914441
0.3476285388820109
371.0061374022568
0.0
13936.0
25.0
0.0029143388076515
41.94
0.0320580262214934
5.0
8.610792192881744
5.0
0.0
11.954322742904749
5.0
0.2702642724382414
0.8965089415929288
8.33
0.6134184461799784
8.33
2.924132356815105
0.0
1.2512031907807637
2.0
1.0742419886937764
0.0
10.0
0.8356060934589464
8.06
0.0211742335384419
8.33
1.1557418491620377
1013.0
14.52
0.0079336944762344
9.0
0.0001435132032146
8.06
0.0002885251235878
0.0
14.984462191163091
3.12
15.987897510068407
20.97
0.0262077453032119
12.0
3.737374116301981
6.0
12.5
15.971796310452492
4.17
0.3242443324955986
1718.0
14.52
0.0037965356027206
0.0
7.286104468986463
12.9
0.0574511167694927
304.0
12152.0
-163373784712.1263
0.0
0.8606505268803609
1.0
55744.0
49.99999999999999
3.12
12.83110429345184
7.0
0.0001148105625717
15.446551137195968
4.0
1.135303731555604
10265.51804752648
758299.9345554545
1.455890282458571
10.0
1.7569053235753267
0.5669785302974123
5.0
9.99488190407917
3.57
0.3786590208906805
6.0
-28.51558891623008
5.0
8.610792192881744
5.0
2.0280297064972626
27.42
2.6133080643267803
5.0
8.33
0.7573918349676466
9.0
50.07481224574144
8.33
0.5726457003276509
10.0
67.57463438224599
-1.9231325840213809
15.0
0.0
6.0
8.0
0.5389285790924893
2.0
9.0
-1.191730052469657
0.0
6.25
3.209429893974836
27.42
0.000771903285566
17992.0
23.0
2.0
2.0769601391481904
6.25
0.6688650605006681
8.33
0.0001785570154759
3.57
0.3124553154466434
3.23
0.1473731911501531
4.17
8.704657993193702
6.25
4.367186362223425
12.5
0.0006493668623028
37.1
2.382304259202453
5.0
3.12
1.6356837167779326
6.0
0.0001004592422502
9.68
0.1104912154943173
4.163318025258324
6.25
0.2161525565339699
12.189919019660593
6.25
2.33715327865814
6.25
0.178355471393834
1.61
0.3678448735172474
4.17
2.4080242280978283
19.0
1.61
0.7379742304113017
7.413993338750831
14.644984744673772
6.0
-4.536124281767155
8.0
0.0001291618828932
6.25
22.17191852328274
1.61
0.0060442860321051
24222.40896075964
43.0
3.12
0.4713268580574428
8.33
0.0027310649718684
0.0
-2.8318296581295224
6.0
1455.0
8.0
0.0001291618828932
1.0
55744.0
25.0
1.1421977342043597
12.9
0.0533678046386815
3.57
0.1778124229204606
25079.81317748411
3.2162342460931406
5.0
5.0
972.3848786509432
0.0
-16.086471736371045
356.0430571218748
1.61
0.2693073243308148
12.5
0.3024014561971329
11.29
0.0033781227672613
8.33
0.0003527966899344
22.58
0.0025211001770831
6.25
1.5287750909333069
3.1228473019517797
0.0
0.0726031070125729
11.0
1.0412659432257918
42.200057405281285
7.0
-21.942907742166785
-41122750023.80408
5.0
8.610792192881744
5.0
11.29
0.0143218194959866
9.0
0.9768373447893546
3.1214121699196324
-1.3797486267890906
6.0
0.0713394997369394
0.05
12.5
3.9964730365823584
3.0
0.1174755091294154
0.0
0.002790647883031
22.58
0.0240780410125381
25.0
0.0001943446307548
30.65
0.019051166791113
-1.3996967708927686
3.12
1.866760605157971
29.03
2.401740317373508
5.0
0.159623425976624
32.26
0.0004360690760394
46.77
0.0007912203283464
4.0
7.175660160734788
5.0
41.94
0.1326876100301873
12.5
9.68957577809827
5.0
31.0
0.0608644938974851
45.16
2.00871550978632
5.0
41.94
1.596703182067048
5.0
7.0
0.0001148105625717
48.39
1.5004241817803445
5.0
0.2849845892307157
3.12
3.156803078125719
0.0
4.17
0.0049276497192634
8.33
0.376282087757243
0.0
0.0
9.68
0.0042400102304828
1.0
7.275600053177169
6.0
0.0301261886605898
11.0
1.2946663756695291
8.33
0.258192597871078
3.0
5.74052812858783
5.0
30.65
0.0006289619426873
8.06
0.0104012379077704
12549480.0
5.0
0.6595279059673933
45.16
0.0008205497667794
1.61
15.043569188513256
8.33
1.1557444687581089
33.87
0.0019185499155988
25.0
0.0871351562734145
32.26
0.0020340790744029
17.74
0.0053739614335203
3.046445760446345
0.0532830504835946
3.23
1.9225166788866512
5.0
0.5609488294529923
23.0
2.5961911268226756
5.0
5014.205649554504
4.17
0.0007726769382945
8.33
35.946792570764835
7.853000164031982
20.97
0.687655936765881
0.1492537313432835
0.0
0.0
3.001836969001148
-1.947549426184763
6.0
1.0
2.0
-0.3833524565858167
41.94
0.0019520691692977
8.0
0.0001291618828932
1.0
3.9600000381469727
48.39
0.002439874986664
0.0
0.609000027179718
5458.356176179337
29.03
0.0001358417823316
-0.1231369741351059
22.58
0.0225918966130908
3.0
1.7912287737120889
0.6089999675750732
2148.119340263827
1.0583499789237978
6.25
0.9909877412893796
1.0
0.3254627904520135
1.0
12.592000007629396
7.0
0.0001148105625717
8.33
10.13383779507201
4.17
5.402632428698538
3.57
0.3786708347583378
6534.668891490109
0.0
1.0
1.5885517662211843
25.0
0.2001940565354006
12.5
0.0116802816051423
4.0
-15.3804935177671
38.71
1.708318593924935
7.0
-1.108743026499302
0.2367460996106712
4.0
0.7328051602535304
0.7362227324913891
25.0
3.862095099748601
24.19
0.0006671290252516
0.0
10.0
9.779004583621187
25.0
0.0445448702665678
6.45
0.0004419748018234
3.12
164.63723738943824
13.894000053405758
-2.468149004247052
6.0
11.29
0.0031436372340758
5.0
0.759263863551659
9.0
0.7824915421551855
0.0147176828117023
5.0
0.6727138157359739
3.57
0.5556116488655715
9.68
0.0036408645626711
102202.46265923686
25.0
1.230098267304964
3.12
3.5829723089330288
33.87
0.000529805308712
4.17
0.0034232769622428
5.0
0.0007690584688241
8.0
4.075294542878282
10.419058553386911
46.77
0.0157258298574648
30.65
2.227058416528302
5.0
-1.4351526284820393
5.0
0.962604314413585
9.0
79.38859964837836
-1.4280575213019557
6.0
1.0
-73.11748071725215
1569688.589289735
1451.0
25.001435132032142
2.879999995231628
9.0
3.448574934539636
12.5
2.975245900250868
25.0
0.4022284353081708
0.0
13936.0
3.57
0.0043155905395789
2.78
0.0016778725825197
4.0
2.8000860965197543
7.0
0.0001148105625717
4.17
3.201456924397808
2.78
3.592336491306209
4.0
7.175660160734788
5.0
7.0
0.0001148105625717
6.005000114440918
0.0035252163969607
8.33
0.0001345754160269
2.78
0.5202936426905374
0.031000018119812
25.0
1.0687365129929638
3.57
1908.6602655577417
1.7178237400825949
25.0
8.840999603271484
5.0
0.0018516959475976
683.9345936616321
2.0
4.305396096440872
5.0
8.0
-58.229159490747314
12.5
0.5499104074275489
6.45
0.0092620153267719
25.0
0.2327575372744947
5.0
6.170461030638874
6.45
0.0008176713388723
12.5
0.4089209291944213
48.39
0.0003142436701669
-34770232921.1085
35.48
1.858978084856377
5.0
0.8623634732626081
2.8703052569640786
5.0
-0.1308768695416017
153.1424513987852
71714.69112737964
3.0
54.59307116771087
24.19
0.0023226942299074
38.71
0.016585797905884
6.25
0.000776361117651
10903.224999999997
8.0
0.8630311179082284
7.0
0.0001148105625717
2.78
2.529543610369811
-1.216771314260244
6.0
0.6373135020518232
4.17
143.7906468146547
2.0
25.0
0.0019842454670653
0.0
9.68
0.0052029430139115
17.74
0.00419054732233
0.0
3.57
2.739318727451429
30.65
0.000466461790491
3.57
0.555516755900554
-0.1849534376050645
11.29
0.0001977866168626
7.0
1.8332596487617687
2.045094532614862
6.25
0.2545448991735428
0.0
371.6266666666667
12.5
155.52771985235748
43.85476463834672
4.84
0.0014710516470682
43.55
0.015964446857433
81.0
197.64808093205184
1.0362336020187028
33.0
2.0
4.305396096440872
5.0
36.44948335246843
105278.62253871746
6.25
24.94050254495189
45.16
0.0025195185515632
3.0
5.74052812858783
5.0
5.0
8.610792192881744
5.0
-0.2457187835161964
3.57
0.3085988660862758
4.276693455797933
22.58
0.0700936034100838
7.0
0.6727138157359738
69679.82842712474
2.0
32.28769998071196
0.765425229486609
-6.763164576643606
5.0
348.4057142857143
5.0
0.0730395215198648
12.5
0.242480135109713
37.21153846153846
1.0
45.0
8.33
0.0262836477873998
37.1
1.7745998261162663
5.0
3.0
-0.1933474167160051
5.0
6.170461078564865
0.857907461289217
5.0
0.55988285642202
6.0
0.557615117911235
7.0
0.5609488294529923
5.0
0.0003081827931557
5.0
0.4993658429540897
1.0
2.2525799713537253
25.0
0.0001007453364853
2.202100074291229
4.17
0.1355399118584793
1.0804166369503063
8.0
0.6297689588486677
1.2440000772476196
37.1
0.0356133424028088
25.81
2.772293625661923
7.0
45.0
70464.83392538471
16.13
0.0018752447231198
0.367074078034073
4.84
0.0574084512938521
5.0
5.017462866718923
1.0
2.870264064293915
5.0
27.42
0.0005469003415074
3.57
2.052775001834846
37.1
0.0434900373290215
1.0
1.8618118157846848
4.0
-4.204512594129322
9.0
0.6851444720260585
30.65
0.0025582289289297
-0.6587742504565118
8.33
0.7561174627466216
5.0
1.0897802318814762
12.9
0.0081226604339916
8.33
2.9241323183591152
3.241963260619977
-1.1858058805218403
22.58
5.004440152780335
5.0
907280.0
91.1411265552232
46.77
0.0024956802258674
-36977567395.190384
46.77
1.5119758811369863
5.0
5.0
0.7492129138356668
3738.0
25.0
3.231880816052809
5.0
35.48
1.9070763698176276
7.0
8.0
1.135303731555604
0.0
8.33
0.0389078631666172
8.33
0.0008320238673486
1.0
25.0
1.1090979520786086
321.1015794425312
12.5
0.8957446032342536
5.0
14.207007924601228
15.0
2.78
0.0062944695714191
25.0
0.0003061056339782
12.5
0.0004475699949844
11.0
0.93912831003759
73.3550368224074
3.57
0.0011504433598359
40.32
0.0009570458810865
3.57
0.9281777027152078
7.0
0.6992093077613633
11.29
0.0053523751075088
0.0
2.0
-19.96684702879353
1.9302770693998197
8.0
0.7962231713328403
5.0
0.0007692682526135
4.17
37.41006104685798
47.904414934072896
25.0
6.229771093962025
-6.040999889373777
9.0
0.0001435132032146
50.16714918660117
3.12
13.399597411266354
8.33
0.5736423916756589
-23.242000579833984
7.0
0.0001148105625717
44.45400047302246
11.0
-5.254482680904919
3.0
5.74052812858783
5.0
0.06601607347876
5.0
0.005241653622592
1.0
2018.0
4.0
3.0
46.70611874585018
1.4882319173363947
76878.3042403487
48.39
1.512033830844755
7.0
6.25
0.0018575855066665
13.320641713825522
19.35
6.058855499921468
5.0
9.0
0.0001435132032146
0.3793928230442944
3.12
2.5376274468317868
43.65958668197474
-0.3112448018671004
4.17
2.0480202890077868
6.0
0.0001004592422502
32.26
0.003066931685067
6.97349977493286
8.335999846458435
12.9
0.0045567897057738
3.805356375149538
6.0
0.0
3.0
6.74767147958878
0.3930322330378061
3.57
0.0006337961958532
2.0
-0.3833524565858088
1750.0
27.42
0.0001426728108328
0.0
-0.265081267073209
6.25
4.70870689227929
4.17
8.237740552375575
3.0
-13.458596433545734
50.0
0.0010180269477754
3.013999462127685
0.1473258520863743
50.0
7.540745370105412
8.0
1.942781944721311
0.3076055928535048
5.0
8.610792192881744
5.0
47.422000885009766
20.97
0.0277834159340952
0.5633784329300593
3.12
0.0036531270323965
50.0
0.0007322426591665
50.0
9.863414956008588
6.0
8.082004299369787
0.0
1.0
30.65
0.0447116914718051
42.200057405281285
5.0
1.468524443244895
0.0
0.4581354962439216
4.0
0.7589603500823706
6.0
12.5
0.5499104120341665
20.97
0.0001748134227988
0.5427444934589392
1.0
2.7555440017085555
6.921301534687887
1567755.0
5.0
1.0897629296232036
1.0
-6.8044206155317015
11.0
2.252579971353725
9.0
0.0001435132032146
0.0
-33.05883254502892
0.0
33.87
0.0011723364084185
8.33
0.7561176342467503
3.2660669737318315
3.0
157.93482576537784
1881.0
12.5
1.8466221247105636
5.0
2.239972524251475
43.55
0.0015262423638488
2.665999412536621
4.17
2.3243663810038484
1.3784043458691415
-1.7647271648343847
6.0
6.25
0.8178417087069283
0.0
1.4351320321469574
5.0
6.0
-10.426834777169828
3.0
0.6851444720260585
8.0
-33.9869227630158
0.0
12.9
0.2088031919412786
24.19
63.99114443781881
0.0
0.000249636339664
2.78
15.84066347658202
11.29
0.0001499556370673
25.0
0.0004525628252874
0.5289196205470852
0.0
1.4351320321469574
5.0
0.0014351320321469
283475636768.0
2.8329999446868896
10.0
0.1077223896422822
11.0
90.91313954810148
0.0
6.0
0.0001004592422502
5.2760009765625
0.0
0.0001335755081185
92559.6346384274
40.32
1.6460003310055826
5.0
0.0
46.77
0.0014792061274643
11.0
-28.160855199356035
79.0
1.0
1.3945132870597254
12.740316909605582
0.4283608116889276
16959.0
3.57
0.0006702666011652
33.87
0.0022627220548039
7.434092422179024
6.0
20.97
0.0030721658341128
50.0
0.0011919091374544
19.35
0.0275567070156704
5.0
0.0497312523959643
29.03
2.4039942957647225
7.0
25.81
0.0006628825958766
2.78
4.03432533351553
25.81
0.0397676233210853
25.0
1.9652213987594311
5.0
99.89766427648928
4.0
0.5389285790924893
8.33
0.7573918469235074
3.0
6.86439510520625
0.0
-0.0002655220009097
11.0
2.446112593137539
3.57
9.849861389177848
0.0
0.0002248552759136
3.57
0.4216781034396505
4.0
-6.8414560816491
0.9440640727729752
-29885906530.59416
50.0
0.0004167685445497
0.2680000066757202
4.443866470673135
14.981669815889726
1748.0
25.0
6.305076035202565
5.0
10.0
0.7990591543701054
1.0
55744.0
8.006601607347875
40.32
0.0020583040773969
1.0
2.870264064293915
5.0
4.17
1.226820485625857
6.25
0.0829639112685026
12.5
0.0002778697559423
3.23
2.541077478096219
5.0
4.17
7.221878264330836
6.25
0.0012864936828923
40.62858783008036
1.98188658011891
48.39
1.1920464423464607
9.0
-302.544799685263
5.0
1.1875832427809474
-5.887302672219143
5.0
9.0
0.0001435132032146
0.0
1.4351320321469574
5.0
3.0
0.680395165075588
8.33
0.1972507621445789
6.25
7.993675211206541
3.57
0.0085190887717753
13310.0
8.06
0.1601232961051081
3.0
0.603923243194697
2.25
8.498000144958496
45.18513203214695
5.0
3.6880944411168985
3.0828884045137936
25.0
0.0871351622670075
11.0
302.1939301277858
0.0
10.0
-0.9687647335117964
12.5
0.6086121772746884
12.5
1.9877095819455943
9.0
-1.3243664727640256
1.0
1.2946663756695291
6.25
0.9820561006492412
5.173650975889782
6.45
0.2279248464507601
0.4970322458185097
25.0
0.0003411047866809
8.06
0.0003642831822618
45.0
25.0
0.4474305046992221
0.0
6.25
63.89883993163401
8.0
6.916559720179444
78751.13018269493
0.0
1.4351320321469574
5.0
4.0
0.6081036674933566
928.096496544262
4.0
7.175660160734788
5.0
1.0
0.0
9.68
0.3909172306927602
0.0
4.17
1399.5126675296408
0.0
1.4351320321469574
5.0
35.48
0.0018303877444469
9.68
2.194004417744768
6.0
11.0
1.8618118157846848
0.0
13936.0
6.0
0.3615192290362659
0.6004358724931719
1.0
-5.68448282692694
0.0
-11.519772771782073
11576.0
0.0
4.3540000915527335
1.958867587185652
3.12
0.0125617084900018
0.2181230420192825
1.0
55744.0
3.12
0.127242696704467
5.0
1.492256856564438
5.0
1.045670827819551
10.0
-2.7747175515415448
46.63715196063706
2.78
1.089735421260254
5.0
8.610792192881744
5.0
8.33
0.0005092627157831
40.62858783008036
24.19
0.0030487199041583
2.353000781645177
25.81
0.000599404432353
5.0
18.43065512558696
12.9
0.0029878859886798
0.0
1.4351320321469574
5.0
3.12
3.582980342278395
2.78
0.0019462446179269
27.42
2.542025834240757
7.0
25.81
63.98909304133899
-0.2970321903065337
8.0
0.0001291618828932
5.0
0.0037473567484838
4.0
6.916559720179444
4.17
2.443702894021719
4.0
7.175660160734788
5.0
8.06
0.191585782092049
4.17
0.4542634724857439
3.608415982292357
3.12
1.63568311331082
16.13
6.929631279440964
7.0
12.5
0.8957450855688778
38.71
0.0021962870266022
2.0
0.1077223896422822
6.0
0.0001004592422502
0.0
0.2586899220146165
3.23
0.0023589773933827
10.0
56.936935680856045
4403.0
0.9589999914169312
0.0006458186828169
4.0
2.4639832178720598
10.0
17.356827433536445
4.17
0.2675457719543682
28.65712768552936
8.0
10.9112651084327
3.0
5.74052812858783
5.0
9.0
0.8958934603793512
1.0
2.870264064293915
5.0
0.0001028573930988
4.0
0.7273804643217103
33369.0
5.0
1.0225807104542055
0.0
35.48
2.4920582123797113
5.0
7.0
94.54255317516606
3.57
43.68821655272439
2.78
3.192234754694692
19.0
7.0
1.492256856564438
3.12
1.866759383990071
33.87
0.0001227273294907
2.0
4.305396096440872
5.0
0.0
3.2988793946664288
12.5
0.0013494752778284
29.03
3.1463225267949166
5.0
32.26
0.0025710926459424
3.23
1.7398474096945022
1.61
0.2382424406666929
8.0
0.0001291618828932
2.0
1.6430433901278318
1.278702640642939
0.0
17.74
6.938002108415561
5.0
6.0
-0.2235930101049487
24.19
0.0031200547775846
8.0
-39.58688241980601
24.19
3.183816691213522
5.0
6.45
0.2623059391878434
4.41700005531311
9304.458191124206
10.0
9.545999821102283
87.1682580822747
0.0
1.0
1.0506883542756325
2.0440514563814847
2.78
6.398590193329561
2.0
4.305396096440872
5.0
9.0
0.0001435132032146
646688.3578270763
29.03
0.0026450393463588
12.9
0.0023078551024603
27.42
0.0027478954561126
5.0
0.0006939549534237
8.768219223519523
5.0
9.994882243313244
0.0
25.0
21.103115828272585
2.78
0.2707045996169142
37.1
0.016881460082856
15.0
347.995
28.06243040080456
2.0
1.094077942877202
5.0
0.6992093077613633
3.12
0.0026364070715733
8.06
0.5686784326558175
0.0
0.2973261782933084
0.0
4.0
6.25
0.0037660790692959
1195.0
0.0
0.4250719746190229
11.0
-6.675197084206442
36.26435132032147
45.16
0.0005001225760528
10.0
-8.345783458085313
8.06
0.0060277173598567
1.4757249359064295
0.0104049599617812
3.12
13.39959715190624
3.12
179.54920383337378
6.45
0.0433817759990455
0.0
0.0029017109036474
20.97
4.034469702497932
5.0
0.4434454119090947
0.2739999294281005
348.52403560875007
11.0
0.6652681146780031
10.0
1.3663527065579368
0.0
1.4351320321469574
5.0
17419.0
15.0
25.0
21.103115831029346
8.0
-2.5561870429294853
3.0460000038146973
11.395999908447266
1.947183406815732
6.529047072330655
40.32
0.0153130153887904
13.665599832111312
29.03
0.0015884538369889
8.33
0.0009890543639337
12.5
0.0079526685440291
7.0
3.0737366090157563
1.0
1.287486940027618
5.0
1.211827381079921
351.38035764856346
-3979509332.083576
9.0
0.0001435132032146
306.8522345903377
5.0
0.3120466416961014
2016.990249502988
6.0
-77.19263969994519
368.285170313558
0.4213404297937133
22418432.0
1.61
4.142936011982467
5.0
1.0
55744.0
7.0
0.5345133454062938
0.22276748198278
25.0
0.0539848175856159
3.0
5.74052812858783
5.0
19.35
0.0045558555593977
43.55
0.0019316294175487
24.19
0.022587607106227
0.0014351320321469
48.39
0.0007941839072452
29.5
8.33
0.1337746659918546
3.0
5.74052812858783
5.0
2.0
0.9638435542674104
7.0
0.5626005237913705
3.57
0.3124553154466434
0.0
0.059689146398239
6.0
0.0301261886605203
0.5353196840945647
2.0
4.305396096440872
5.0
11710.0
6.0
0.5102255786092544
6.0
0.0001004592422502
4.17
1.431090594269904
11.0
-5.254482680904872
3.57
1.6507781089949294
12.5
0.0891777356969169
0.092000007629394
43.55
0.0312228573660665
32.26
0.000610463813402
38.71
0.0009878345693887
352.0713567171546
218.05735326156383
9.0
-4.38958853680832
0.0301377726750861
2.835664829946806
6.25
0.0467202726301749
9.68
0.0002062730706098
4.17
0.0014021268309112
3.57
0.0005420280658806
8.0
1.5258562641691875
14.52
0.1618324485387539
12.9
0.0434743587481449
5.0
0.5626005237913704
5.0
2.239969389683467
2.78
324.07369041109104
4.17
1.7892618494102523
1.0
1.2790000438690186
2.78
15.840663723999576
1.0
55744.0
19.35
0.0032785843269448
8.0
0.0001291618828932
16.13
0.1308417114495474
2.0
4.305396096440872
5.0
48.39
0.0144239226689978
19.35
4.643700639489601
5.0
5.0
0.5345133454062938
0.4100178485040079
4.0
0.4791449881464548
12.5
0.7824830516500484
6.25
0.982869276686385
7.0
198.3931913770734
4.17
37.41730173993736
6.25
1.115911002280685
2016.990126291619
20369.63290733099
22.58
0.0007461558772843
17.74
0.0170268266741298
17.936947865706802
87.0
10.101493764138418
6.0
9.618647460501974
3.57
196.1181409449116
6.0
0.0001004592422502
45.16
0.0003208400664898
9.68
0.006799894830541
45.16
0.00011664376526
2.0
-5.810570804806944
-1.1450202159142648
4551413.530733811
8.33
0.7245912273966229
3.0
12.7790864191389
15.64776119402985
1379.0
0.0
1.4351320321469574
5.0
0.855343230826049
10.0
-3.4619506148889325
4.17
0.2063553024348062
30.46498277841561
8.06
3.757844764868308
6.0
8.33
5.995564528720666
-12015834999.150988
4.0
7.175660160734788
5.0
1.3399999141693115
46.77
0.0151840922852098
-0.0023517511117325
70624.1688674845
3.23
0.0475745321726392
25.0
0.0541760624062321
12.5
1.846622145616736
16.13
0.0666783165716969
4.17
11.991273777820885
0.0
4.17
0.7360719855269755
32.26
0.0012925579612343
0.0
0.5360002517700195
8.0
0.0001291618828932
9.0
22.43643202780222
5.0
0.000937403446735
4.17
11.99127426646059
-1.2535170663251212
13993.0
0.0
16.13
0.00023906984645
10.0
-7.704244752868691
43.55
1.559803919723646
5.0
7.0
0.8327644106502778
46.0
0.0
1.4351320321469574
5.0
9.686000108718872
0.0
6.25
0.2880345661001517
4.0
-52.50052194503248
0.2480000257492065
8.33
1.3436969195273505
11586.0
1.0
5.0
8.610792192881744
5.0
7.0
17.020772439977247
3.57
1.9010881376905702
20.0
0.2462236445552023
4.0
7.175660160734788
5.0
11.0
6.25
0.3992088859067235
25.0
1.9652213869558317
2.0
0.6703654540337683
0.0
0.2044464245934505
30.46498277841561
8.0
0.7273804643217103
7.0
74.08031924991984
6.0
0.0001004592422502
5.0
1.6856769899964674
0.015423271168627
0.2109999656677246
2.2100000381469727
43.55
2.042634318732536
5.0
3.23
0.0037096733172757
6.45
0.0009055879977608
9.0
0.8047197463248625
50.0
0.0001567177144242
2.78
0.0025432749187575
25.81
0.0028287557831182
43.55
1.560698329026093
7.0
11.0
-22.85074131298324
6.0
0.832231879721403
11.0
-8.130724570854822
3.12
2487.4671056774614
16779.0
11.0
63.443560179361775
8.33
0.0012030331008009
3.57
7.503794515692615
3.0
25.0
38.80795624332436
25.0
6.229603217165951
1.0
25.0
8.33
0.3279230981037458
11626.0
11.55104148856784
46.77
0.0301093037257762
6.45
0.0133237892178541
283583.33344420523
27.42
0.001796379394975
9.0
0.9860497935028424
2.78
0.0090626121840425
30.65
0.0360681570092806
2.9217927565035997
4.786165327210103
0.0594280096226116
4.166818669239242
1.0
55744.0
3.57
10.500069033053014
11.29
0.0003633065403934
8.564755502780415
0.0
6.25
0.0006567113598691
2.26141838280807
5.0
1.9204412100131831
7.0
0.0001148105625717
20.97
0.0807989618694072
41.94
0.0147580056213383
5.330000162124634
9.0
0.1174755091294154
248.5398443971055
6.787862015764037
11.0
-0.9880650136319638
48.39
0.0004172369798757
33.87
0.0187219081146014
12.5
2.9752456077506064
35.48
0.0005596400434206
33.87
2.59959950845238
5.0
6.25
0.0647930307411358
5.999080988240816
2.002408727707936
44.29247990815155
2.0
1.9503579785583565
37.1
0.0017370646422507
20.97
0.0010439546001417
15152.0
0.0
8.33
18.707117404291143
18.0
3.12
0.5611249350562296
8.06
0.0279036146923841
0.0
11.0
1.8872256174904627
5.0
12.9
0.0001098670855393
1.0
2.870264064293915
5.0
8.0
0.0001291618828932
35.48
0.0011235583502896
1.0
0.1283146933728381
4.0
7.175660160734788
5.0
2.78
0.0027997350553859
11.676540938875776
4.17
1.431091281144371
2.040146031829496
2.78
250.92661937831963
1.0
9.843142080231274
4.0
-0.0862127995108144
0.0
3.0
0.7824915421551855
4.17
1.789261558408331
0.0006171156302472
2.0
0.8356060934589464
1.242822277650112
12.5
0.1409040735411158
25.81
0.0215689468987759
5.985589119496582
0.0
0.7444093459573238
3.57
0.0029911527355722
0.0
0.2184407746673264
8.33
0.1972508429620138
10.0
1.036878778211224
-1.272214431281567
6.0
-4.305457885446118
5.0
2.0
4.305396096440872
5.0
10.009732996456435
5.0
0.2230050501579826
12.9
0.0001699013256273
-0.4719050955702991
-26.367000579833984
16.13
9.066406559020884
5.0
3.57
11.021329686651296
8.06
0.0117003045015715
2.752202818086533
6.0
0.5588264226880225
12.5
0.8023583942232906
6.0
0.0001004592422502
38.71
0.0160146309382408
5.0
8.610792192881744
5.0
1.0
2.446112593137539
0.0
0.588374568735156
6.0
0.1296702531360111
16.13
0.0067254308897144
3.12
0.0016092209632609
5.0
-15.556719041286854
8.0
0.0001291618828932
4.17
0.0005014458744551
1.0
5.0
6.25
1.791490171137756
1.0
0.9496779207649948
10.0
-0.9687647335117872
3.23
3.621599674202989
32.26
2.0979429538312155
7.0
1.0
2.870264064293915
5.0
2.78
1.187297860212651
3.57
0.0976283241508614
4.0
1.7193244557468002
41.94
0.0003345620288355
-118402379854.85066
208.0
25.81
0.0001429492020742
13088.0
0.0197907547467673
14.52
1.0189271917354028
6.0
5.818750889948502
59599.46098072827
36.26435132032147
17.74
5.282980481871151
7.0
5.0
31.18811227797956
11.29
0.0695277610268772
32.26
0.0001324115297076
24.19
0.0037351308735475
0.8180006161800399
1.0
-0.0409508641427568
38.71
2.2357189726270175
5.0
6.25
1.2452570667437926
11579.0
-0.0002978372287116
1.0849598163030998
269.71909216824537
19.35
0.0360497538897562
3.57
0.1433826541018888
0.0344431687715269
1745.774185144605
12.9
1.3153309775192004
6.0
9.0
11.027445212283732
0.0
2.0
-0.822083904327693
22.5
2.487000077962876
27386.092965841293
-1.688903904283247
6.0
0.0
0.2272383119727866
-5457.550364399778
46.77
0.0004586741259259
41.94
0.0025344841740296
0.0014351320321469
3.57
2.725065281586552
2.760474641742605
7.0
4.0
0.8630311179082284
48.39
0.0014683042583571
3.12
6.439553058914012
50.0
31.646214323302907
10513.5955253414
9.0
2.3944757569283714
35.48
0.0003893327897921
11.29
0.0105909287565001
3.12
4.91617013350973
345.0002638390308
6.0
0.0001004592422502
2.78
0.0121307680939178
10.0
1.094077942877202
1.1740546605116566
5.987482845447405
19.35
0.0001845278428626
3.12
2.675459247170177
37.64781859931114
5.0
26.86982736748973
2.78
2.8959556295593814
8.0
0.0001291618828932
11.115000247955322
30.65
2.2394521450106057
7.0
199.67999999999992
3.0
0.6399646937635826
2.0
14.853782860099312
-2.540145870031999
6.0
11679.0
288.0
0.0
19968.0
3.0
-0.2198771214288418
3.0
37.98016732930967
3.12
0.00758726383651
12.5
0.0002780058549118
6.25
0.0318106741761167
2.78
1.84172949527
2.78
0.4867626948605153
4.0
7.175660160734788
5.0
14.52
0.0451403147786255
6274.0
45.16
0.0014980423792337
1.0
3.0
-0.1933474167158657
41.94
0.0015654490408503
25.0
1.109097969105885
3.12
0.002135241149216
8.0
0.4791449881464548
76.88166835169731
11.29
0.0169401998670542
4.17
2.6873597723532647
13583.0
3.57
3.138448882677213
8.33
0.0024607235678654
9.0
0.0001435132032146
16.007999420166016
-2.833031343922569
8.0
2.0
-0.3956877091140533
2.78
2.529543475279593
5.0
1.2118269031692996
32.26
0.0197728891872523
25.81
0.0035605970839419
41.94
0.0154709943151848
0.0
9.0
0.0001435132032146
17.74
0.0001950711334776
12.5
0.0005586533119573
-1.36
7.58629813047278
37.1
0.002703679165892
0.0
1.61
0.0112521608508555
6.0
0.0001004592422502
6.25
0.0004948052626511
0.0243972445464982
50.0
7.482791629554216
6.0
0.0
2.78
8.386555220508562
5.067451205510907
0.3745694603903559
1.0
55744.0
8.33
3.183368937944832
0.0014351320321469
0.8303355088248288
0.4306209322910939
8.33
349.95624157793253
46.00699996948242
6.0
5.600862144996598
11.0
1.456860155734033
2.0
14.035746304832715
14.554653850605836
0.0
1.0
2.870264064293915
5.0
0.0
0.0028702640642939
5.0
6.17999997026971
19.0
3.12
0.0102829626139249
11.0
-11.019494334606367
8.33
0.162122323531955
0.0138406568947324
1.8072263205619357
43.55
0.0003267370537415
8.0
3.296440091604563
4.84
1.2545526356366974
5.0
6.0
0.0001004592422502
29.03
0.0005029388314099
38.71
0.0003569275152632
0.0
0.0
9.0
1.5977767818452693
17.74
0.0301293864802364
3.57
11.021329955237135
7.0
0.759263863551659
5.0
6.57730594071597
22.58
0.0029144307833266
17.74
0.003935896094936
27.42
0.0221365542975806
1.9438815832671517
45.03587830080367
45.16
0.0152607109763585
0.0
46.77
0.0003167003403777
3.57
1.893450104376437
14968.0
0.0272675086107921
0.2865671641791045
0.0
0.6286902359694848
3.57
0.0013015894546205
0.0
13936.0
0.0
1.4351320321469574
5.0
3.57
3.138455031224573
1.6007001399993896
2.78
2.0851752858690107
4.84
0.020514954473802
37.1
0.0022392423677596
4.0
0.8626628618577932
1.0
2.870264064293915
5.0
25.0
0.232757518474124
7.0876929929487495
0.0
-0.062457328779954
0.0
22.58
3.846179195443615
7.0
8.0
0.0001291618828932
65.78516444976711
-20482959250.660866
0.5228442353690044
12.9
0.0108068484051377
41.94
0.0001038883569832
6.25
0.178355471393834
0.9667845506868809
9.0
26.46121343026022
1.0471525433824558
0.0
0.4020000100135803
3.12
255.61283901608653
77.11914145086301
25.0
9.35513529424473
5.0
25.0
2.4130832477407345
5.0
6.25
4.70870667203668
34839.0
18.0
3.57
110.25144924962154
4.17
0.0081197473422903
7.082877182798045
11.847373937742372
3.0
5.74052812858783
5.0
5.0
1.0225804749845124
4.0
0.0973929940392503
406830805.218215
3.12
1.0157728247866078
18.0
5.0
31.183086419579176
8.33
0.5717136174703887
6.25
7.993674995371903
0.5480000376701355
19.402660842718685
0.0
13936.0
8.71125143513203
2.78
0.4867431426841491
14.52
8.279956176758821
5.0
9.68
0.0002853987697597
33.87
0.0004106664454228
8.0
0.0001291618828932
12.5
3.410013271470556
76406.10233414827
4.17
0.2675457719543682
0.0
6.512176034224003
0.0
0.0003363631978426
795.0
4.17
0.1051287606317762
0.0
13936.0
3.0
5.74052812858783
5.0
38.71
0.0005444076546368
7.0
0.0001148105625717
7.0
1.1065688734865415
5.0
5.895804012590601
3.0
0.3189595580479428
0.0932835820895522
7.0
-45.7534367108222
40.32
0.0026232594751618
7.0
3.105538749811338
3.12
3.4847905977149893
2.8703052569640786
5.0
0.4140709577231707
4.17
0.0004177517663883
6.0
1.0916997574360183
5.0
0.2702582496795701
4.84
0.0011184240834576
25.0
0.3624786613768587
45.18513203214695
25.0
0.3876903664646957
6.25
0.0002737775250818
4.066462559583464
5.0
1.431463075398611
3.12
0.0007779545736317
1.0
1.5552367226385249
8.33
0.8512293180231326
22.58
3.561716726789115
5.0
43.55
0.0008630011097887
38.71
0.0001202285614715
6.829139913681448
40.32
0.0330213326872449
37.1
0.0010307350511384
11.0
-11.390167431600869
0.0
-0.2141722067867703
3.23
0.0013218464757024
6.25
1.7914881785752417
2.0
1.7569053235753267
10.0
1.9503579785583565
11.0
1.0506883542756325
1.61
14.18462940699168
6.25
0.9828692534934844
2.78
12.90473431123566
24.19
0.0244917682773154
5.0
8.610792192881744
5.0
6.0
0.7389369648652769
10.0
0.9638435542674104
9.0
1.2072242023393147
12.5
0.408920892961286
43.55
0.0004634652392601
8.0
1.1475216305532028
3.0
0.8047197463248624
36.44948335246843
7.0
78.62353915541831
1.116976602283732
0.0189188088283445
43.65958668197474
9.0
0.680395165075588
2.0
-0.075730310443317
5.0
-0.9288067296777016
5.0
-13.354352031202014
9.0
2.394475756928351
0.0
0.0117371125625189
9.68
0.0198876735205309
4.0
7.175660160734788
5.0
-56029372345.98241
13.015783160010836
8.33
0.8512292449138615
5.0
1.1017043520804752
5.960999965667725
12.5
12.471075328629745
1.0
55744.0
1.0
1.813493521147376
6.45
0.015285993293565
46.77
0.001899020636959
2.78
1.8417302595667724
50.22800016403198
45.16
0.607603410526784
0.0028702640642939
4.84
0.0262162067141738
29.03
0.6875565471672008
0.0
5.772010394970591
1769.0
6.45
0.0121447907764059
-0.3083298069179747
8.33
18.708899085609715
5.052178800719464
1.0
4.84
0.0016014203859489
2.0
0.7990591543701054
7.0
0.0001148105625717
4.17
0.0021803071228676
5.0
0.8327644106502776
3.0
5.74052812858783
5.0
-151826385793.8444
4.0
0.6297689588486677
25.81
0.0019113553080185
45.16
0.0161896161253022
9.0
1.2021797371881706
5.0
0.2230050501579826
2.0
1.358530779339014
33.87
1.988531814880264
7.0
1.041905855338691
3.12
1.133593419129747
20.97
0.00382901357257
37.1
1.824263594068864
7.0
1.0
11.497703788748565
0.0
13936.0
37.1
0.0003716564608206
6.45
0.8799891704609165
22.58
0.0036375617098947
75053.85963227635
12.5
0.7824842153060326
2.78
3.391967533747488
12.9
0.0053685702692244
5.0
8.610792192881744
5.0
29.03
0.0480285320645178
38.71
0.0016682710216574
0.0
1.0
55744.0
348.5139389201784
1.0
2.486999988555908
0.0002767638292067
2.041278684853992
48.39
1.977769324929432
5.0
0.0
14.52
0.0002492476759835
-1.6044131175930088
0.2287120607517997
38.71
0.0224131791577897
8.33
1.343695807330339
0.0029851174672426
12.5
0.6122797261195723
29.03
0.0023511956465861
12.0
0.0
-32.133011216759265
4.0
-4.4557219951671305
27.42
0.0511233176274612
22.58
0.0034938528863776
2.78
18.0020468394872
0.4088928491869013
3.0
70.11683432299635
0.0
1.4351320321469574
5.0
40.32
2.115287160503629
5.0
1.0
0.93912831003759
64672.76268398762
1152.3835557079333
19.35
0.0009728003367924
3.0
5.74052812858783
5.0
0.975000023841858
6.0
0.6892058887762428
1.0
2.870264064293915
5.0
5.0
8.610792192881744
5.0
30.65
0.0200660322924111
4.84
1.5632884013266168
3.12
0.0006781382329791
0.1492537313432835
-2.052430325009764
6.0
25.81
3.6418511870349284
5.0
7.0
283.4292983483679
12.9
0.0002909776333847
1.0
1.456860155734033
0.7956418960311618
6.25
0.0043293010602539
5.0
1.5716512012735442
4.84
0.0008601380339272
5.0
-227.2429401959648
-1.2039188417579334
12.5
1.9877095034397776
2.78
15.231536184165238
3.0
18.08699989318848
8.33
1.805518422637132
194.31911608607075
8.06
0.0151263561737713
5.0
0.0026040754885029
0.0
2.0
4.305396096440872
5.0
6.25
0.0026719484183127
6.0
-42.67200399944274
40.32
1.613504698395746
7.0
1.510599899291992
5.0
0.0003818969086878
2.0173733556503377
25.0
0.3876906306098213
0.8847235250702838
5.0
0.006140929790837
25.0
0.0075925354587923
37.64781859931114
2.0
4.305396096440872
5.0
3.57
1.4327508512769571
19.35
0.0932238779743882
33.87
0.0190819426373127
15.427047554969064
2.05693025237896
0.9557979334098736
5.0
43.26095343777759
11.0
1.9482654823861911
37.21153846153846
14.52
0.0060010076631484
5.0
0.3120468753874392
0.0
0.2269627752065188
2.0
0.761384177703816
45.16
0.0305959924783514
3.12
49.8745135883796
-2.4676139681483193
6.0
8.33
0.5726522127955384
0.0
0.3329604948015081
0.7387613601768269
-5.692999839782715
16.13
0.003344671207981
3.23
0.25031584267372
2.78
0.161319256774012
1.0
0.0
0.0
0.0061023766801359
14.52
0.0019966577739165
2.21851018949019
0.9281528535711996
6.25
0.0002135209075336
9.68
0.1024335444081063
3.12
0.2221490071263008
50.0
0.0071185068462258
25.0
0.2042587075848207
2.78
2.895954975566533
9.0
0.0001435132032146
6.25
0.9909874371803312
3.0
5.74052812858783
5.0
27.42
3.3356110925053266
5.0
45.03587830080367
0.0
1.4351320321469574
5.0
17898.0
11.0
-50.25738635251598
2.0
0.4382625028489204
15677.775
69707.78920684422
8.33
0.0017288464821055
6.0
0.0176276052378153
2.0
4.305396096440872
5.0
29.03
0.0006463737439968
6.0
18010.41920808278
2.0
4.305396096440872
5.0
4.84
0.5632126373137354
45.16
1.5317091192730303
5.0
1.0
2.870264064293915
5.0
9.0
1.791228773712089
16.13
0.0045601037123163
6.25
1.5287797297222696
1.0
-0.0409508641426875
-1.609290960425575
-3.175446766933116
7.0
78507.52459345985
4.634108887909545
8.0
0.2484717281627851
14899.0
1.0
1.9482654823861911
3.12
0.3567109427876681
25.0
0.0001473841941377
4.17
1.2268201464859805
4.664179104477611
1.0
1.0412659432257918
101.54779836924156
-1.356033538232687
358.0
38.71
0.0341991239659718
20.97
5.516156890141646
5.0
8.33
8.550549815272253
8.0
3.359868264970572
43.85476463834672
3.23
0.0033246516401491
3.12
0.0014050488586146
50.0
0.0002255284529498
8.0
-84.97052596792687
7.0
0.8294324551098387
1.9622028255584285
29.03
0.022615147677466
12.5
3.996472983826176
6.25
0.9660319694628396
33.87
0.0028393319230085
16.13
0.0338622382303739
2.78
56.17168941434091
7.0
3.073736609015289
4.17
1.5632348091500066
17419.0
25.81
0.0028594423521001
6.0
0.819428099357419
1.0
0.3215517249877386
10.0
1.3585307793390142
8.0
0.7328051602535304
16.13
0.0013660493171987
-1.7231997693156682
6.0
9.68
0.0004825061109077
0.0028702640642939
3.57
10.50006901165995
3.12
0.4323051130679399
25.0
0.0417216196242212
9.0
0.9349503936242296
38.71
1.7037727952132724
5.0
0.0
13936.0
-18208798734.00385
35.48
0.0181362086115974
3.12
0.5609843101385903
41.94
1.5792368256768385
7.0
7.083809188194821
0.3605232369766365
0.0
0.0044974521276389
2017.1
1405418.55
46.77
1.5195059607600017
7.0
6.0
0.0001004592422502
1727.0
6.0
1.4822522525449937
8.06
0.0004820840030155
9.68
0.0171526274325169
11.0
1.287486940027618
11.29
0.0758136342442296
30.65
2.929639829456033
5.0
0.2923353220817031
7.38801586460223
0.4521575218808712
16.13
6.552188660930777
5.0
10.0
68.07959739825279
1.61
0.0014319551194157
1.331485534182276
6.25
3.85677760526321
19.0
-2.441727738845149
6.0
253.96850874919053
2.78
0.0002348333535475
0.0
7.0
48.39
0.0001103963852601
9.988972365716869
8.33
0.0003199322053472
3.12
2.2172438146288127
25.0
0.1313907793712623
0.0147799650059972
11.0
0.9496779207649948
1.0
5.766853516557365
14.52
0.0705821945249661
12.5
0.6086122067790567
8.0
3.2964400916047056
6.25
0.2161487280327482
4.84
0.0180218930249703
4.17
1.505087671823882
1.9302769860844184
50.0
0.0062412406894318
37.1
0.000475144891341
32.26
0.0187957685420914
2.0
1.3663527065579368
11.0
281.25
40.32
0.0001174956953028
3.12
0.3147033962216701
4.0
7.175660160734788
5.0
16.77050983124842
3.12
15.98789664139991
1.930277005695175
0.7455259734966635
19.35
0.001121847428906
3399.0
0.463049765065661
6.25
0.2545447519418458
0.0003587881571205
32.26
2.743756983862608
5.0
4.17
0.0023720294559832
70147.48980666403
20.97
0.0039826179881492
20.97
0.0030489322202518
0.0
2.6361840910916525
6.0
2.0
5.0
1.9204483632864484
2016.0
40.32
0.0003446696023704
3.585051525747748
25.0
0.0445448702665678
2.78
0.0043628153558465
24.19
0.0459442252562933
2.098752906354193
17.74
0.1092128932166732
7.0
-3.41560506963042
0.0039132305557244
12.5
0.3704087823270367
3.57
0.0062123941431067
5.0
0.6595279059672511
0.5019974401593906
16.0
11.949107654100922
19.35
0.0035815759859586
6.25
4.367186411599588
1.935364861180246
1.0
55744.0
406.9853663861497
9.0
0.0001435132032146
24.19
0.0009595273165457
4.84
0.086215065659357
0.0
13936.0
5.0
39.71306564186225
8.0
32.26
0.0171439817539775
0.124312729279546
35.48
0.0022868035793495
14.52
0.000131121095107
0.0
13780.0
4.17
0.3681577967481394
2.78
1.08963198384255
10.862819839925969
14.52
0.0417973706627166
0.0
19.35
0.0291957849773232
1.1882893226176807
2.78
0.4016456856160812
2.78
1.3538310854406954
33.87
1.960631839687112
5.0
3803328.0
0.4162985758254072
37.1
0.0173385491341808
48.39
0.0149652994483735
4.17
1.5632347533309636
-0.0130285020496868
3.12
2.5376279570705638
0.1535439556741234
2.78
0.0008267001738716
44.29247990815155
17.74
5.442288487578439
5.0
6.561186938470259
41.94
2.0692856053511686
5.0
9.0
0.0001435132032146
25.0
0.4022284303664535
3.57
43.69807523685179
0.0
4.357036998623565
127.0
3.0070558274598924
12.5
0.0009295684511208
3.0
1.90188604160768
11.29
0.2807043889968899
3.0
0.9349503936242294
4.17
0.0010204691025942
0.3
10.0
1.0742419886937764
8.33
3.183369091591572
2.696459576574217
0.0100459242250287
6.25
24.94369729870331
0.0930458709973622
15.765048437046774
25.0
0.4474306094089448
10207.0
0.0
-6.374742067395957
35.48
0.0001158884607724
9.68
0.0082183841143888
7.0
1.101704352080475
50.0
5.524936646623869
5.0
3.57
2.739305480535644
30.65
0.0001331261910873
2.0
-7.805598974543067
24.19
0.0001527368559319
0.4461895160376158
8.33
0.1621244585221974
0.0
3.23
0.0836302413415912
0.0
13936.0
9.623208180219187
6.0
0.7709049598692004
3.0
5.74052812858783
5.0
2001.0
2.254047589344091
2.78
0.2369188869500419
32.26
0.0418017940749339
46.77
1.987945364415504
5.0
2.78
56.15537225460511
11.0
88.77677482221932
45.16
1.5350527672772472
7.0
0.0028702640642939
2.780209293984657
5.0
1.2536551365002837
1.0
19.76799964904785
7.0
1.6856769899964672
17.74
0.0011394885384517
4.17
0.3242356560154609
5.0
38.07458933063296
1.15
27.42
4.818012093164515
0.0
25.0
3.720138698846096
19.0
1.0
55744.0
15222.0
-3.442586918306711
6.0
40.32
0.0004363289699813
25.0
0.0002153912114285
25.0
0.15030382024953
27.42
0.0025630504215525
4.17
67.86036940825304
22.58
4.818526905183842
33.87
0.0393589483196337
4.17
8.23774058861304
22.58
0.0001576276052207
14.52
0.0017355386253091
3.12
12.83110430276654
9.178642592488757
6.0
4.0
-7.510758067070202
1.0
7.350313567192251
12.5
0.4924227984130795
0.3672549885147961
8.33
0.0004742370785607
0.2444765231108603
1.0
4.019000053405762
1.0
2.870264064293915
5.0
0.0
24.18000030517578
16224.0
1.61
0.0125332579839394
13730.0
4.17
75.77106602473187
1.0
0.665268114678003
6.0
-69.54295363730029
33.87
0.067125603828709
2.626328858461617
6.0
3.57
4.699287841638956
54873000.0
41.94
0.000484134254823
4.82755941670507
49.99999999999999
0.0
37.1
0.0001225239913045
1741.0
0.1744941666761559
8.0
1.7193244557468002
1.0
10.0
5.0
6.577306201368115
0.1284606889641434
12.5
0.1388844122897927
1302.0852767691845
5.0
0.8294324551098387
29.03
0.0211569427729797
1245.0
0.0
0.0176416562410295
6.0
0.5245172793493371
11.0
1.5552367226385249
8.0
95.40417325879734
4.0
1.5258562641691875
8.0
0.0001291618828932
9.536589873223875
5.0
8011.505
3.12
0.4713275000884411
5.0
8.610792192881744
5.0
8.0
0.0001291618828932
3.57
14.004219348797466
16.13
0.0352833016950137
12.491364653919453
7.0
0.4993658429540897
280.192754126194
4.84
0.482787424018905
1.4730000495910645
3.0
0.9218257516422588
1.0
2.870264064293915
5.0
8.33
0.613418362748657
9.0
0.0001435132032146
6.45
0.0319059056643701
0.0
4.0
7.175660160734788
5.0
46.77
0.0001224158720068
0.0014351320321469
237.0
10.0
29.439160375993435
4.0
29.946983555992954
3.0
1.2072242023393147
0.0014351320321469
5.0
1.1065688734865415
0.0
2016.0
6.25
622.0286671947518
1.93027707291039
30.65
0.0032679728664478
30.0
208.0
24.19
4.285396133371691
5.0
6531.973091941347
45.80046057377609
2.78
3.592316009378304
3.12
2.2172439183322146
8.0
5.118067863572109
9.0
0.6399646937635826
4.17
0.0068296736663967
17475363.02393915
8.0
2.3874585435684903
12.5
0.0891777356969169
5.0
37.39788061569172
1.0
9.16800022125244
0.0
-0.2141722067867666
25.0
0.0539846163981142
20.97
4.227551101892076
7.0
0.4619998931884783
6.25
19.07231672239027
3.12
49.88739459740662
0.0186567164179104
4.84
0.0256055854399493
0.0
13936.0
0.2203868540466385
11.29
0.0065204849037883
2.0
0.7293764108583181
11.0
1.5885517662211843
1.1925947187141217
16.13
0.0040907010939616
3.57
2.167784085567323
7325768.226102634
43.55
0.0025750727924716
9.0
0.603923243194697
8.33
1.335739221904486
4.0
7.175660160734788
5.0
22.5
3.57
14.004218683843508
2.78
4.034315154484784
8.0
0.8626628618577932
7.0
0.0001148105625717
5.0
0.0010762388790169
5.0
0.0973731065938151
12.5
0.1080762782669849
2.78
16.27569876570559
-1.187999963760376
-4.2210001945495605
17.74
0.0310558476177945
4549.374999999999
-2452274176664.9155
4800.400747412633
12.5
3.950989070064808
38.71
0.0027369213606431
2091.655
20.97
0.0008454711319729
0.0
13936.0
1.930276989978804
41.94
0.0009044888531232
4.17
2.3243563471848585
4.322226455704824
0.0
1.4919999837875366
10.3149995803833
0.0
0.577918006753081
2017.0
0.0002726789994115
17.74
0.0013420318093383
40.32
0.0413660776568151
8.33
3.0703709284187664
19.0
1.0213941263171673
10.0
0.6703654540337683
4.17
0.0009122101632885
4.0
-0.0862127995108535
22.5
3.12
0.3567109427876681
12.5
0.0013192878104042
8.33
0.1337746659918546
0.1555440571208751
1.0
19.0
6.25
1.1159108686377208
0.4788960805981716
7.0
0.000937403446735
1.0
27.42
0.0035263410433533
208.0
