0.0
13936.0
9458.045010447502
35.48
0.0098457035238193
14.52
0.0301499164040999
4.0
7.175660160734788
5.0
43.55
0.0013248327047536
12.5
1.6519145787040193
19.0
2.78
5.955051596439044
45.16
0.0042147071201004
2.1112865551858464
6.0
0.0001004592422502
50.0
0.0120944172256994
13.172317536782485
5.0
2.753408343216439
12.5
0.5093866532649637
10.0
1.2305787041249356
10.0
1.125548161703398
3.12
0.1868743654475694
1.61
0.3058317208631586
4.0
1.1924507532987147
40.32
0.0016092634965945
12.5
0.0001721423057633
2.78
75.3023860392828
6.0
0.2804535668557811
0.0
0.0
8.365384615384615
25.0
0.7026657060572817
3.57
1.3576970569208264
2.78
2.440297440157458
38.603253270601805
2.78
0.4016456856160812
0.1168137665229742
12.5
0.1080753515152384
8.33
5.995564408024054
32.26
2.082101004605306
5.0
37.76254920959473
48.39
0.0297938583289172
12047.0
19.35
4.626697639454997
7.0
2.78
0.0150142644379472
7.0
0.0001148105625717
2.78
0.0003060501407064
2.085422188378009
8.33
0.0178956612612322
0.0178676502246013
347.9139842165594
3.12
0.0243153226404679
4.990558820586553
5.0
0.001804282878901
4051.0009621865743
0.0
-0.0245691266246529
2018.0
3.57
0.0181331504051049
0.0537183548950382
7.0
3.0
1.288892853136543
12.5
0.8782395953333396
4.17
1.1871174781885965
24.19
3.2813675980423627
7.0
12.5
8.852086426439275
30.65
0.0006946577839738
25.81
2.864338762986673
5.0
3.23
0.1411335631810297
0.0
4.0
0.9351521232028018
1.0
2.870264064293915
5.0
35.48
0.0373138123186631
11677.0
12.5
0.0006961113603259
4.17
0.4543360350354227
12.5
0.0007636054465153
3.0
-0.1514477111711112
11.29
1.5157666430673375
6.0
22.58
0.0085043108819833
-3.007299331460337
25.0
0.045734449165523
1.0
2.870264064293915
5.0
15.0
6.25
0.0078417306787447
22.49967709065859
3.57
1.43275131315758
6585.0
3.57
2.650007907608986
2.0
1.2127669331650346
19.35
0.0214410142164533
35.48
0.0214410223011164
3.57
0.0102683138266851
5.0
8.610792192881744
5.0
0.0
13.420194013048992
3.12
7.295443573500274
6.0
1.6757367602233846
27.42
0.043880847038535
25.81
0.0479179140954387
46.77
0.9308500991883027
-13.7134282448681
32173.871611245857
0.7050051388596467
7.0
0.0001148105625717
2.78
3153.425833053273
0.0
-9.85099983215332
3.57
3.3429304756114484
0.6108126155003448
2.0
4.305396096440872
5.0
7.0
0.0001148105625717
6.45
0.0006267036659844
0.0
0.7458745516435832
-4.369253486441338
5.0
3.0
1.5977767818452693
4.17
6.440168562941078
3.12
0.4322896777018501
3.57
1.9415480774984564
0.0
1.4351320321469574
5.0
4.0
7.175660160734788
5.0
3.0
5.74052812858783
5.0
2.78
1.7010567056553858
1.61
4.441006588644475
30.65
0.0021783868015752
0.0024076504878199
3.57
0.0017029763524134
12.5
0.1672162967002555
4.009640712800916
5.0
2.201643317071412
5.0
7.581247646802173
0.5165808003258975
11.0
-29.434251831348075
6.25
0.2880671000238884
5.0
0.3199253367150549
2.0
4.305396096440872
5.0
7.0
87.77292791304905
1.61
0.9741402920458292
-0.7251918562002321
-0.1712356990444895
10.0
-2.655736369633667
3.57
55.69739959591477
6.0
4.17
0.0715807400906587
0.5464493093415634
4964.698170438613
43.55
0.3227154312252626
2.0
4.305396096440872
5.0
0.0
3.57
7.022541910390159
0.0
15.07800006866455
0.4467311936092815
0.077499732569256
0.0
1.444590407715781
-31.46199989318848
9.0
0.0001435132032146
35.48
0.0710364964582909
8.06
0.0076471112140603
6.0
0.0001004592422502
25.0
1.4179957626320374
0.0
1.4351320321469574
5.0
1.0
2.870264064293915
5.0
0.0
1.040470723306544
1.0
55744.0
25.0
0.2042587154506504
12.0
2.78
18.00204793992723
4.17
2.687355254582251
3.0
0.9607015011005592
48.39
0.0040625321385165
0.0
4.073999881744385
3.12
53.22349693412646
25.0
5.668622851455963
5.0
6.25
0.0022180348122838
69765.1564209736
25.0
445.3414976614888
6.45
6.41014561838979
6.0
3.12
0.005270328740427
5.0
8.610792192881744
5.0
-0.0001040818840189
11.45
4.0
2.9240177759545225
3.12
12.837690566580878
0.0
0.9476394877760532
25.0
0.8490624885589255
12.5
0.2594747625244804
6.0
1.1966200967597969
9.0
1.0636446153239878
8.0
1.0937792241951576
8.0
-9.00833958159818
-123747452484.29216
0.4498311657743088
43.55
0.0177153065128319
3.457502385090247
29.03
0.0117899152422169
3.23
0.0494659438759897
273.08685707618406
6.25
0.8178418583888427
3.0
5.74052812858783
5.0
12.5
12.471848649351648
2.78
8.677743255145783
29.14393833613936
40.32
0.0267688300672739
17.74
0.0134422336087524
0.5802916247572434
337.68451624495697
0.0
13936.0
25.0
0.0029143388076515
41.94
0.0320580262214934
5.0
8.610792192881744
5.0
0.0
11.954322742904749
5.0
0.2702642724382414
8.340186601564135
8.33
0.6134184461799784
8.33
3.354265564540885
0.0
1.2512031907807637
2.0
1.04551200748176
0.0
10.0
1.0741465238775976
8.06
0.0302425269681619
8.33
1.2380467018619068
6102.0
14.52
0.0079336944762344
9.0
0.0001435132032146
8.06
0.0002885251235878
0.0
12.53929342021479
3.12
15.987897510068407
20.97
0.0443343950257619
12.0
-0.0001897843362995
12.5
15.971796310452492
4.17
0.3242443324955986
521.0
14.52
0.0179214054921567
0.0
0.2527829679005772
12.9
0.1308068229738916
304.0
12152.0
-250219430751.40552
0.0
0.8606505268803609
1.0
55744.0
49.99999999999999
3.12
7.618098110577386
7.0
0.0001148105625717
14.731450460822526
4.0
1.135303731555604
31697.69987988472
3459352.038179921
3.4598057222528253
10.0
1.7569053235753267
0.6016838626991
5.0
9.99488190407917
3.57
0.3786590208906805
6.0
-8.653174450082593
5.0
8.610792192881744
5.0
1.844516047496943
27.42
2.6133080643267803
5.0
8.33
1.6835799733898675
9.0
33.745559404702945
8.33
0.5726457003276509
10.0
31.74064015710141
-1.9231325840213809
15.0
0.0
6.0
8.0
1.1889804672519158
2.0
9.0
70.81354045411625
0.0
6.25
3.209429893974836
27.42
0.0068463932174254
17123.0
23.0
2.0
2.0769601391481904
6.25
0.6688650605006681
8.33
1.818913331810622
5.0
3.57
0.3124553154466434
3.23
0.4962932302596965
4.17
6.440184706190979
6.25
4.122152976632027
12.5
0.0006493668623028
37.1
2.382304259202453
5.0
3.12
1.6356837167779326
6.0
0.0001004592422502
9.68
0.1760538655474389
0.4549368541905855
6.25
0.2161525565339699
11.35918971572344
6.25
4.281467552003412
6.25
0.178355471393834
1.61
0.6652891364007988
4.17
2.4080242280978283
19.0
1.61
5.671980864694749
37.21941110233762
13.887571567074394
6.0
-4.536124281767155
8.0
0.0001291618828932
6.25
21.145423591893653
1.61
0.0060442860321051
40434.14012145996
43.0
3.12
1.5269793552228326
8.33
0.0027310649718684
0.0
-2.8318296581295224
6.0
144.0
8.0
0.0001291618828932
1.0
55744.0
25.0
2.0107109983642206
12.9
0.1029051615210225
3.57
1.84334126506466
84938.13314842568
3.2162342460931406
5.0
5.0
972.3848786509432
0.0
-38.94518917819016
301.3711783509129
1.61
0.3851666982704541
12.5
1.6736143593862798
11.29
0.0149715454664142
8.33
0.0014197060178695
22.58
0.0006987940093047
6.25
2.0691707401767045
2.5559701492537314
0.0
0.0726031070125729
11.0
1.4675356637422563
44.89954075774971
7.0
-21.942907742166785
-107044167743.5116
5.0
8.610792192881744
5.0
11.29
0.0143218194959866
9.0
0.9768373447893546
0.2511481056257175
-1.7165970635257366
6.0
0.1357373815704516
0.05
12.5
3.9964730365823584
3.0
0.1174755091294154
0.0
0.002790647883031
22.58
0.0555712761259
25.0
0.0009154835030771
30.65
0.026384305160197
-1.3996967708927686
3.12
2.1833020480337657
29.03
2.401740317373508
5.0
0.2096521106432499
32.26
0.0004360690760394
46.77
0.00058756503768
4.0
7.175660160734788
5.0
41.94
0.1326876100301873
12.5
5.559838027487192
6.0
31.0
0.0608644938974851
45.16
2.00871550978632
5.0
41.94
1.596703182067048
5.0
7.0
0.0001148105625717
48.39
1.5004241817803445
5.0
0.2849845892307157
3.12
7.295480582311903
0.0
4.17
0.0049276497192634
8.33
0.376282087757243
0.0
0.0
9.68
0.0042400102304828
1.0
7.275600053177169
6.0
0.0301261886605898
11.0
1.5210163553204517
8.33
0.258192597871078
3.0
5.74052812858783
5.0
30.65
0.0067781834043486
8.06
0.0211828024247229
12549480.0
5.0
0.6595279059673933
45.16
0.0005553325076632
1.61
15.043569188513256
8.33
1.238058260884012
33.87
0.0019185499155988
25.0
0.3191209976056786
32.26
0.0020340790744029
17.74
0.0053739614335203
10.466622839334384
0.0532830504835946
3.23
0.9038399692344272
5.0
0.8610663765418433
23.0
-4.807761852882673
6.0
30562.193810062403
4.17
0.0158416166025855
8.33
35.946792570764835
29.808000564575195
20.97
0.687655936765881
0.1492537313432835
0.0
0.0
3.001836969001148
-1.462051580946544
6.0
1.0
2.0
-0.3833524565858167
41.94
0.00438686311277
8.0
0.0001291618828932
1.0
2.984999895095825
48.39
0.009120316326279
0.0
-2.5799999237060547
5458.356176179337
29.03
0.0016077098356806
-0.6725013186444924
22.58
0.0411569499535564
3.0
1.7912287737120889
5.937999963760376
4169.770141675472
-1.5479500293731725
6.25
1.266624495923586
1.0
0.3254627904520135
1.0
45.48600006103516
7.0
0.0001148105625717
8.33
13.758385433904609
4.17
19.136891940215936
3.57
0.3786708347583378
25934.063886108397
0.0
1.0
1.5885517662211843
25.0
0.2001940565354006
12.5
0.0116802816051423
4.0
5.819544207121662
38.71
1.708318593924935
7.0
-1.108743026499302
0.1260334808101653
4.0
0.7328051602535304
0.7362227324913891
25.0
3.862095099748601
24.19
0.0006671290252516
0.0
10.0
228.29936270682853
25.0
0.0445448702665678
6.45
0.0004419748018234
3.12
58.035418822382745
36.456000328063965
-2.468149004247052
6.0
11.29
0.0031436372340758
5.0
0.950905654704088
9.0
0.933171750538912
0.0147176828117023
5.0
0.83393530156294
3.57
0.5556116488655715
9.68
0.0036408645626711
119033.782921923
25.0
2.6423714357871533
3.12
3.5829723089330288
33.87
0.0063591816253512
4.17
0.0034232769622428
5.0
0.0120580899603675
8.0
4.075294542878282
10.419058553386911
46.77
0.0239337678428494
30.65
2.227058416528302
5.0
-1.4351526284820393
5.0
0.962604314413585
9.0
100.7997691027727
-1.6293911468561377
6.0
1.0
-73.11748071725215
1569688.589289735
1451.0
25.001435132032142
8.711999893188475
9.0
59.66392793853826
12.5
2.975245900250868
25.0
0.9214459063691292
0.0
13936.0
3.57
0.0043155905395789
2.78
0.0016778725825197
4.0
2.8000860965197543
7.0
0.0001148105625717
4.17
9.312594486709374
2.78
8.893421007092002
4.0
7.175660160734788
5.0
7.0
0.0001148105625717
41.415000915527344
0.0035252163969607
8.33
0.001306249729576
2.78
1.701056733187298
0.0
25.0
1.4179954154947825
3.57
1908.6602655577417
1.7178237400825949
25.0
37.277000427246094
5.0
0.0109908591828355
1786.9276755231597
2.0
4.305396096440872
5.0
8.0
-0.9896792507851592
12.5
1.2936824801265108
6.45
0.0092620153267719
25.0
0.6153608689308451
5.0
4.898505648481702
6.45
0.0008176713388723
12.5
0.4089209291944213
48.39
0.0003142436701669
-84726496275.13843
35.48
1.858978084856377
5.0
0.8623634732626081
2.8703052569640786
5.0
-0.5016546152596951
339.3119621857647
85969.83470512391
3.0
1.7619835002591262
24.19
0.0006697927338621
38.71
0.0291593306029528
6.25
0.0007089790473341
10903.224999999997
8.0
0.8630311179082284
7.0
0.0001148105625717
2.78
3.059415744681917
-1.216771314260244
6.0
0.8010095202127039
4.17
143.7906468146547
2.0
25.0
0.0019842454670653
0.0
9.68
0.0167126781805318
17.74
0.0011804950066075
0.0014351320321469
3.57
5.788475957135164
30.65
0.000466461790491
3.57
0.555516755900554
-1.5410771586965797
11.29
0.0001977866168626
7.0
1.8332596487617687
2.045094532614862
6.25
0.8456953103259052
0.0
371.6266666666667
12.5
155.52771985235748
41.80396096440872
4.84
0.0159307025109321
43.55
0.0252829176205772
81.0
322.7029702744818
1.0362336020187028
33.0
2.0
4.305396096440872
5.0
29.49913892078071
132007.180681044
6.25
24.94050254495189
45.16
0.0091179843725652
3.0
5.74052812858783
5.0
5.0
8.610792192881744
5.0
0.2902258959434056
3.57
0.3085988660862758
3.968140068886337
22.58
0.0700936034100838
7.0
0.83393530156294
69679.82842712474
2.0
-63.726966242373855
1.0517520854400353
-4.514924422620369
5.0
348.4057142857143
5.0
0.0730395215198648
12.5
0.7713047868112681
37.21153846153846
1.0
45.0
8.33
0.0262836477873998
37.1
1.7745998261162663
5.0
3.0
-0.1933474167160051
5.0
4.898520489468288
-2.0848882042427563
5.0
0.55988285642202
6.0
1.0245453001790157
7.0
0.8610663765418431
5.0
0.0028989233416874
5.0
1.1324047335912906
1.0
2.2525799713537253
25.0
0.0009922087444369
-9.84174962043762
4.17
1.4092479070208523
1.303746380794335
8.0
0.913083673809417
2.3590002059936523
37.1
0.0356133424028088
25.81
2.772293625661923
7.0
45.0
70464.83392538471
16.13
0.0124717079328748
0.367074078034073
4.84
0.1277822619574888
5.0
5.017462866718923
1.0
2.870264064293915
5.0
27.42
0.0005469003415074
3.57
2.052775001834846
37.1
0.0434900373290215
1.0
1.8618118157846848
4.0
-4.204512594129322
9.0
1.1523780039297615
30.65
0.0059315810228818
-0.2699793326437546
8.33
1.0641927366257369
5.0
1.0897802318814762
12.9
0.0063463805912231
8.33
3.3542609945324986
3.241963260619977
-1.1858058805218403
22.58
5.004440152780335
5.0
907280.0
218.3130074957341
46.77
0.0090551809464687
-63777592047.82453
46.77
1.5119758811369863
5.0
5.0
0.7492129138356668
1952.0
25.0
1.4145375387372237
6.0
35.48
1.9070763698176276
7.0
8.0
1.135303731555604
0.0
8.33
0.453882175865399
8.33
0.0008320238673486
1.0
25.0
1.6255372760374194
274.3821022168578
12.5
0.8957446032342536
5.0
-22.92285702608884
15.0
2.78
0.0062944695714191
25.0
0.0003061056339782
12.5
0.0004475699949844
11.0
1.7890693379093587
141.28771749571416
3.57
0.0011504433598359
40.32
0.0004669713578693
3.57
0.9281777027152078
7.0
0.6992093077613633
11.29
0.0378750887140721
0.0
2.0
0.6411249534490572
1.9302770693998197
8.0
0.9351521232028018
5.0
0.0031396961195763
4.17
37.41006104685798
47.904414934072896
25.0
6.229771093962025
-6.6479997634887695
9.0
0.0001435132032146
104.9266002694159
3.12
8.541473280483295
8.33
2.834441526799427
0.0
7.0
0.0001148105625717
82.80300331115723
11.0
-5.254482680904919
3.0
5.74052812858783
5.0
0.0
5.0
0.0116018859776825
1.0
2018.0
4.0
3.0
-24.849899715795512
1.4882319173363947
86419.71055434068
48.39
1.512033830844755
7.0
6.25
0.0018575855066665
26.609799402569333
19.35
6.058855499921468
5.0
9.0
0.0001435132032146
0.8965529760300914
3.12
3.625410561008013
42.71383467278989
-1.1858472018407218
4.17
2.914185221144354
6.0
0.0001004592422502
32.26
0.0108409813995489
39.40805120468139
31.191424345970155
12.9
0.0281619489324428
-3.331396561051202
5.0
0.0
3.0
10.010922710524374
0.6585095811019195
3.57
0.0001825015446385
2.0
-0.3833524565858088
1920.0
27.42
0.0016394301033105
0.0
-0.265081267073209
6.25
4.598422021153962
4.17
5.72762877005883
3.0
-13.458596433545734
50.0
0.0019747437900801
6.953001022338864
0.4549103729945137
50.0
7.540745370105412
8.0
1.942781944721311
0.3076055928535048
5.0
8.610792192881744
5.0
107.89299774169922
20.97
0.0590887313786096
0.2197071715603584
3.12
0.0036531270323965
50.0
0.0007322426591665
50.0
9.863414956008588
6.0
45.76501711682498
0.0
1.0
30.65
0.0447116914718051
44.89954075774971
5.0
2.19820373649044
0.0
0.4581354962439216
4.0
0.7589603500823706
6.0
12.5
1.293682667410098
20.97
0.0022033184852872
0.617021478496168
1.0
-32.30525936190375
6.921301534687887
1567755.0
5.0
1.0897629296232036
1.0
-36.50910510227308
11.0
2.252579971353725
9.0
0.0001435132032146
0.0
-4.443123520883207
0.0
33.87
0.0006396223043176
8.33
1.0641928329178938
19.088228265027052
3.0
157.93482576537784
1332.0
12.5
2.481500132039226
5.0
2.239972524251475
43.55
0.0015262423638488
4.315998077392578
4.17
4.374599819230972
37.87655882506972
-1.8791691087636893
6.0
6.25
0.8178417087069283
0.0
1.4351320321469574
5.0
6.0
0.1316355597154409
3.0
1.1523780039297615
8.0
35.61338207689387
0.0
12.9
0.2088031919412786
24.19
63.99114443781881
0.0
0.000249636339664
2.78
9.690432046903968
11.29
0.0001499556370673
25.0
0.000952838190042
0.5289196205470852
0.0
1.4351320321469574
5.0
0.0014351320321469
283475636768.0
-3.7739999294281006
10.0
0.1077223896422822
11.0
104.61573483687272
0.0
6.0
0.0001004592422502
9.64350128173828
0.0
0.0001335755081185
92559.6346384274
40.32
1.6460003310055826
5.0
0.0
46.77
0.0014792061274643
11.0
-28.160855199356035
4866.0
1.0
-1.415490301760568
10.025530255359728
0.4397628462187384
13439.0
3.57
0.0199421169076295
33.87
0.0050498546169243
-0.0002290503600532
20.97
0.0103666759521051
50.0
0.0040845825900038
19.35
0.0495396800802973
5.0
0.0497312523959643
29.03
2.4039942957647225
7.0
25.81
0.0071839128604352
2.78
4.03432533351553
25.81
0.0397676233210853
25.0
1.9652213987594311
5.0
99.89766427648928
4.0
1.1889804672519158
8.33
1.6835804801338672
3.0
3.058178242655236
0.0
-9.206799235223315
5.0
11.0
2.446112593137539
3.57
9.849861389177848
0.0
0.001716263400191
3.57
1.3576970446549037
4.0
-20.641164139420997
0.9440640727729752
-29885906530.59416
50.0
0.0003112017972137
0.3350000381469744
4.443866470673135
14.108998089728509
1835.0
25.0
0.0002642073061478
10.0
0.7990591543701054
1.0
55744.0
6.780998851894374
40.32
0.0045046126443185
1.0
2.870264064293915
5.0
4.17
1.226820485625857
6.25
0.0829639112685026
12.5
0.0029716163874425
3.23
2.541077478096219
5.0
4.17
7.221878264330836
6.25
0.0012864936828923
40.62858783008036
1.98188658011891
48.39
1.1920464423464607
9.0
-302.544799685263
5.0
1.1875832427809474
-0.0002635990110161
9.0
0.0001435132032146
0.0
1.4351320321469574
5.0
3.0
0.9838939291899612
8.33
0.6737077822508799
6.25
7.993675211206541
3.57
0.0191182948630313
5896.0
8.06
0.2009756812350153
3.0
1.2503200133369972
2.25
17.218000411987305
43.33094144661308
5.0
9.776737704960702
-3.430701149849544
25.0
0.3191209976088137
11.0
302.1939301277858
0.0
10.0
-0.9687647335117964
12.5
1.5999370898703051
12.5
2.757574738712599
9.0
147.11576726461425
1.0
1.521016355320452
6.25
1.6043371110223887
1.9245120551090695
6.45
0.2910150277928329
0.4970322458185097
25.0
0.0003411047866809
8.06
0.0003642831822618
45.0
25.0
0.4474305046992221
0.0
6.25
63.89883993163401
8.0
6.916559720179444
78751.13018269493
0.0
1.4351320321469574
5.0
4.0
1.0937792241951576
10955.176587335996
4.0
7.175660160734788
5.0
1.0
0.0
9.68
0.3909172306927602
0.0
4.17
1399.5126675296408
0.0
1.4351320321469574
5.0
35.48
0.0018303877444469
9.68
2.194004417744768
6.0
11.0
1.8618118157846848
0.0
13936.0
6.0
0.3615192290362659
6.0135405066857945
1.0
-31.64623643069788
0.0
-6.112843631410156
11530.0
0.0
28.81599998474121
2.0799000790039925
3.12
0.0125617084900018
0.0039627748919589
1.0
55744.0
3.12
0.127242696704467
5.0
1.492256856564438
5.0
1.045670827819551
10.0
-2.7747175515415448
170.6110260354674
2.78
1.089735421260254
5.0
8.610792192881744
5.0
8.33
0.0004527105450898
40.62858783008036
24.19
0.0090331076821573
5.46383642075182
25.81
0.000599404432353
5.0
18.43065512558696
12.9
0.0146733737662625
0.0
1.4351320321469574
5.0
3.12
3.582980342278395
2.78
0.0076378489309236
27.42
2.542025834240757
7.0
25.81
63.98909304133899
-0.5035282834371628
8.0
0.0001291618828932
5.0
0.0037473567484838
4.0
6.916559720179444
4.17
5.91036388548534
4.0
7.175660160734788
5.0
8.06
0.2257202516198977
4.17
0.4542634724857439
3.608415982292357
3.12
1.63568311331082
16.13
6.929631279440964
7.0
12.5
0.8957450855688778
38.71
0.0049470439232811
2.0
0.1077223896422822
6.0
0.0001004592422502
0.0
0.2586899220146165
3.23
0.0023589773933827
10.0
55.63246765129743
4403.0
9.32800006866455
0.0006458186828169
4.0
2.4639832178720598
10.0
17.356827433536445
4.17
0.2675457719543682
28.65712768552936
8.0
10.9112651084327
3.0
5.74052812858783
5.0
9.0
0.9607015011005592
1.0
2.870264064293915
5.0
3.0052066696167445
5.0
4.0
0.8748895976127515
33369.0
5.0
1.0225807104542055
0.0
35.48
2.4920582123797113
5.0
7.0
95.1791453815256
3.57
43.68821655272439
2.78
3.192234754694692
19.0
7.0
1.492256856564438
3.12
2.1833010425090538
33.87
0.0014629193176602
2.0
4.305396096440872
5.0
0.0
7.046010871737901
12.5
0.0028801565768065
29.03
3.1463225267949166
5.0
32.26
0.0056825719571376
3.23
0.7497757053466052
1.61
0.2382424406666929
8.0
0.0001291618828932
2.0
1.6430433901278318
0.0832376578645235
0.0
17.74
6.938002108415561
5.0
6.0
-0.2235930101049487
24.19
0.0031200547775846
8.0
63.29586760315862
24.19
3.183816691213522
5.0
6.45
0.356946652727268
35.192999839782715
18542.553613731438
10.0
2.0883959421066054
195.79026075990797
0.0
1.0
1.6543553694689177
2.125980929271946
2.78
9.359974422779112
2.0
4.305396096440872
5.0
9.0
0.0001435132032146
7633457.494289849
29.03
0.0062372355754147
12.9
0.0023078551024603
27.42
0.0071173248579821
5.0
0.0006939549534237
8.768219223519523
5.0
9.994882243313244
0.0
25.0
21.103115828272585
2.78
2.8935939158551536
37.1
0.0218624168770593
15.0
347.995
28.06243040080456
2.0
1.094077942877202
5.0
0.6992093077613633
3.12
0.0220898747733351
8.06
0.5686784326558175
0.0
0.2973261782933084
0.0
4.0
6.25
0.0082756960998669
2010.0
0.0
0.7244330933644543
11.0
-6.675197084206442
36.26435132032147
45.16
0.0054653245852641
10.0
-17.030393018836634
8.06
0.0060277173598567
1.4757249359064295
0.0104049599617812
3.12
8.541444716126339
3.12
72.95627783864256
6.45
0.0433817759990455
0.0
0.0047746444493778
20.97
4.034469702497932
5.0
0.3245390327669191
1.22599995136261
348.52403560875007
11.0
0.6652681146780031
10.0
1.3663527065579368
0.0
1.4351320321469574
5.0
17419.0
15.0
25.0
21.103115831029346
8.0
59.44737879469615
3.7309999465942383
26.57699966430664
2.078829536851053
6.529047072330655
40.32
0.0187774943104928
15.385464391280246
29.03
0.0006797291918769
8.33
0.0050699171782829
12.5
0.0079526685440291
7.0
3.0737366090157563
1.0
1.287486940027618
5.0
1.482634396628203
351.38035764856346
-3979509332.083576
9.0
0.0001435132032146
306.8522345903377
5.0
1.0174744492749994
2016.990249502988
6.0
-3.109759510279911
483.4620556724488
2.7385266271151325
22418432.0
1.61
4.142936011982467
5.0
1.0
55744.0
7.0
0.5345133454062938
0.22276748198278
25.0
0.0539848175856159
3.0
5.74052812858783
5.0
19.35
0.0045558555593977
43.55
0.0041440031265033
24.19
0.0410432449615604
0.0014351320321469
48.39
0.0006148470535965
29.5
8.33
0.1337746659918546
3.0
5.74052812858783
5.0
2.0
0.9638435542674104
7.0
1.047763375301371
3.57
0.3124553154466434
0.0
0.059689146398239
6.0
0.0301261886605203
0.5353196840945647
2.0
4.305396096440872
5.0
11516.0
6.0
1.0873647063697065
6.0
0.0001004592422502
4.17
1.7070984802126543
11.0
-5.254482680904872
3.57
1.9415488243581227
12.5
0.0891777356969169
0.0
43.55
0.0312228573660665
32.26
0.0063487334930037
38.71
0.0005138089924223
294.25119780942686
182.14399328045573
9.0
-4.38958853680832
0.0
3.4779772312864017
6.25
0.0467202726301749
9.68
0.0002062730706098
4.17
0.0013400863780858
3.57
0.0048517197394741
8.0
1.5258562641691875
14.52
0.1618324485387539
12.9
0.0434743587481449
5.0
1.047763375301371
5.0
2.239969389683467
2.78
324.07369041109104
4.17
3.0516572054953928
1.0
0.0
2.78
9.69046784107304
1.0
55744.0
19.35
0.0114196560570411
8.0
0.0001291618828932
16.13
0.1308417114495474
2.0
4.305396096440872
5.0
48.39
0.0161990862595231
19.35
4.643700639489601
5.0
5.0
0.5345133454062938
0.4862017781298008
4.0
0.4791449881464548
12.5
0.6403880627442541
6.25
1.958343369688588
7.0
100.10046461894405
4.17
37.41730173993736
6.25
2.4348554530527675
2016.990126291619
15860.64409184456
22.58
0.0007461558772843
17.74
0.0170268266741298
17.936947865706802
87.0
10.101493764138418
6.0
9.618647460501974
3.57
196.1181409449116
6.0
0.0001004592422502
45.16
0.0003208400664898
9.68
0.0401403494939687
45.16
0.0013526469729581
2.0
-26.815043011135803
-2.072285739303796
145940355.64588478
8.33
4.298162742974506
3.0
-12.475992970155431
15.64776119402985
1379.0
0.0
1.4351320321469574
5.0
1.184547155263611
10.0
-3.4619506148889325
4.17
0.2063553024348062
30.46498277841561
8.06
3.757844764868308
6.0
8.33
5.995564528720666
-66543563912.39214
4.0
7.175660160734788
5.0
11.813000202178957
46.77
0.0158317685896161
-0.0023517511117325
70624.1688674845
3.23
0.0694339945973563
25.0
0.3786689925234783
12.5
2.4815019113058625
16.13
0.0666783165716969
4.17
11.991273777820885
0.0
4.17
0.7360719855269755
32.26
0.0006865011031769
0.0
1.0890007019042898
8.0
0.0001291618828932
9.0
-4.236187812143571
5.0
0.000937403446735
4.17
11.99127426646059
-1.2535170663251212
2277.0
0.0
16.13
0.003781991129334
10.0
-7.704244752868691
43.55
1.559803919723646
5.0
7.0
1.0581235353028668
46.0
0.0
1.4351320321469574
5.0
31.835000038146973
0.0
6.25
0.2880345661001517
4.0
-1.302156643124223
0.4019999504089355
8.33
1.3436969195273505
11512.0
1.0
5.0
8.610792192881744
5.0
7.0
13.744080617691464
3.57
1.9010881376905702
20.0
0.2462236445552023
4.0
7.175660160734788
5.0
11.0
6.25
0.3992088859067235
25.0
1.9652213869558317
2.0
1.3349683121853384
0.0
0.2044464245934505
30.46498277841561
8.0
0.8748895976127515
7.0
125.27873253221432
6.0
0.0001004592422502
5.0
1.6856769899964674
0.015423271168627
0.2194995880126953
9.130999565124512
43.55
2.042634318732536
5.0
3.23
0.0476359319168743
6.45
0.0099694670418402
9.0
0.8047197463248625
50.0
0.0001567177144242
2.78
0.0025223368706689
25.81
0.0028287557831182
43.55
1.560698329026093
7.0
11.0
91.17959556661184
6.0
1.0774473807329743
11.0
-8.130724570854822
3.12
2487.4671056774614
13743.0
11.0
73.10982324807178
8.33
0.0012030331008009
3.57
33.50608839713339
3.0
25.0
38.80795624332436
25.0
6.229603217165951
1.0
25.0
8.33
0.3279230981037458
11566.0
11.55104148856784
46.77
0.0301093037257762
6.45
0.0246451208443222
6176918.835915128
27.42
0.0006495133312344
9.0
0.9860497935028424
2.78
0.0090626121840425
30.65
0.0360681570092806
3.128394301725636
1.6260045924225026
0.0081135369567172
36.375694919378745
1.0
55744.0
3.57
6.64037875122473
11.29
0.0051003809906445
11.886451005060938
0.0
6.25
0.0085865028479799
8.554209416509359
5.0
3.1267775272572083
7.0
0.0001148105625717
20.97
0.0807989618694072
41.94
0.0182862376031698
8.764999389648438
9.0
0.1174755091294154
248.5398443971055
6.787862015764037
11.0
-0.9880650136319638
48.39
0.0052332537668472
33.87
0.0224833038064059
12.5
2.9752456077506064
35.48
0.006316265881005
33.87
2.59959950845238
5.0
6.25
0.7152005556362643
5.999080988240816
2.002408727707936
42.46986222732491
2.0
1.9503579785583565
37.1
0.0017370646422507
20.97
0.0089921430443971
16803.0
0.0
8.33
18.707117404291143
1286.0
3.12
0.5611249350562296
8.06
0.0279036146923841
0.0
2108.0
4.77044785169352
5.0
12.9
0.0001098670855393
1.0
2.870264064293915
5.0
8.0
0.0001291618828932
35.48
0.0005900080353791
1.0
0.1283146933728381
4.0
7.175660160734788
5.0
2.78
0.0263386257677141
9.526665038581037
4.17
1.7070990062019995
2.1213492296004426
2.78
93.90447325566342
1.0
-15.518076903730115
4.0
-0.0862127995108144
0.0
3.0
0.933171750538912
4.17
3.051654385199833
0.0006171156302472
2.0
1.0741465238775976
0.0750244718072767
12.5
0.5093866532953059
25.81
0.0362397020355226
11.931599099231963
0.0
0.7444093459573238
3.57
0.0029911527355722
0.0
0.0654146589225506
8.33
0.67370778249642
10.0
1.2127669331650346
-1.272214431281567
6.0
-4.305457885446118
5.0
2.0
4.305396096440872
5.0
10.009732996456435
5.0
0.2230050501579826
12.9
0.0001699013256273
-0.2098326687453221
10.427000045776367
16.13
9.066406559020884
5.0
3.57
7.4630690467069085
8.06
0.0530041332078617
2.752202818086533
6.0
0.8221759556422136
12.5
0.8023583942232906
6.0
0.0001004592422502
38.71
0.0211886688281995
5.0
8.610792192881744
5.0
1.0
2.446112593137539
0.0
0.588374568735156
6.0
0.1296702531360111
16.13
0.0067254308897144
3.12
0.0064003931033764
5.0
20.10799607735868
8.0
0.0001291618828932
4.17
0.0001323376907108
1.0
5.0
6.25
1.791490171137756
1.0
1.6045378254942178
10.0
-0.9687647335117872
3.23
3.621599674202989
32.26
2.0979429538312155
7.0
1.0
2.870264064293915
5.0
2.78
1.187297860212651
3.57
0.0976283241508614
4.0
1.7193244557468002
41.94
0.0003345620288355
-167628973293.55862
208.0
25.81
0.0017265744871182
13088.0
0.0197907547467673
14.52
1.0189271917354028
6.0
5.818750889948502
82538.06123161316
36.26435132032147
17.74
5.282980481871151
7.0
5.0
31.18811227797956
11.29
0.1281099721801612
32.26
0.0015260527218469
24.19
0.0161917809731378
0.8180006161800399
1.0
-0.0409508641427568
38.71
2.2357189726270175
5.0
6.25
5.92851615758237
11472.0
9.56529358275426
5.0
0.6630309988518943
269.71909216824537
19.35
0.0360497538897562
3.57
0.1433826541018888
0.0344431687715269
6054.1139460802015
12.9
1.3153309775192004
6.0
9.0
121.40595296369358
0.0
2.0
-0.822083904327693
22.5
5.628999710083006
45884.28910160065
-2.0628951197041645
6.0
0.0
0.0883829953003315
-5457.550364399778
46.77
0.0053166253563998
41.94
0.0096218754436102
0.0014351320321469
3.57
3.769608937237952
2.760474641742605
7.0
4.0
0.8630311179082284
48.39
0.0014683042583571
3.12
13.143601735868437
50.0
31.646214323302907
149023.25498789057
9.0
2.3944757569283714
35.48
0.0003893327897921
11.29
0.0122951692941152
3.12
8.148062877203074
223.8246671631988
6.0
0.0001004592422502
2.78
0.0276041105637648
10.0
1.094077942877202
6.154393457122295
5.987482845447405
19.35
0.0028063046078587
3.12
2.675459247170177
37.64781859931114
5.0
-44.687712852635606
2.78
3.917192551560989
8.0
0.0001291618828932
19.116498947143555
30.65
2.2394521450106057
7.0
199.67999999999992
3.0
0.6399646937635826
2.0
-15.99472680864443
-2.540145870031999
6.0
11624.0
288.0
0.0
19968.0
3.0
-0.2198771214288418
3.0
15.040667509144884
3.12
0.00758726383651
12.5
0.0002438243510747
6.25
0.0318106741761167
2.78
1.84172949527
2.78
0.4867626948605153
4.0
7.175660160734788
5.0
14.52
0.0888141248440155
5028.0
45.16
0.0014980423792337
1.0
3.0
-0.1933474167158657
41.94
0.0015654490408503
25.0
1.6255375338321774
3.12
0.0020954062410183
8.0
0.4791449881464548
76.88166835169731
11.29
0.0169401998670542
4.17
2.6873597723532647
2113.0
3.57
3.138448882677213
8.33
0.0053498927091519
9.0
0.0001435132032146
65.75799942016602
-2.833031343922569
8.0
2.0
-24.216908904900677
2.78
3.059407528064725
5.0
1.4826340534637803
32.26
0.0359787541987361
25.81
0.0144975194350913
41.94
0.0256936964223425
0.0
9.0
0.0001435132032146
17.74
0.0031227655455325
12.5
0.0027311159325177
-1.36
7.58629813047278
37.1
0.0101122346931701
0.0
1.61
0.0112521608508555
6.0
0.0001004592422502
6.25
0.0004948052626511
0.0243972445464982
50.0
7.482791629554216
6.0
0.0
2.78
15.344339149268595
2.388059701492537
0.3745694603903559
1.0
55744.0
8.33
3.709229762889407
0.0014351320321469
0.8303355088248288
0.4139395735217699
8.33
349.95624157793253
58.87699890136719
6.0
168.9739725407984
11.0
1.456860155734033
2.0
-11.901304221903782
14.251431028100924
0.0
1.0
2.870264064293915
5.0
0.0
0.0028702640642939
5.0
6.17999997026971
19.0
3.12
0.0232377443734902
11.0
-11.019494334606367
8.33
0.162122323531955
0.0138406568947324
4.369007697982124
43.55
0.0003267370537415
8.0
3.296440091604563
4.84
1.2545526356366974
5.0
6.0
0.0001004592422502
29.03
0.0005029388314099
38.71
0.0003569275152632
0.0
0.0
9.0
1.5977767818452693
17.74
0.0545553275682188
3.57
7.463091075891971
7.0
0.950905654704088
5.0
5.496907720523578
22.58
0.0090206754374679
17.74
0.0222497052030833
27.42
0.0327844400183865
1.9438815832671517
44.05711825487945
45.16
0.0172970967277739
0.0
46.77
0.0003167003403777
3.57
2.650012348947565
18192.0
0.0272675086107921
0.2865671641791045
0.0
0.8359843597257237
3.57
0.0052417406035168
0.0
13936.0
0.0
1.4351320321469574
5.0
3.57
3.138455031224573
9.757200384140017
2.78
2.440298743724287
4.84
0.0803022114427847
37.1
0.0051288563693165
4.0
1.025859415344982
1.0
2.870264064293915
5.0
25.0
0.6153608636592665
4.174154382387584
0.0
-0.062457328779954
0.0
22.58
3.846179195443615
7.0
8.0
0.0001291618828932
65.78516444976711
-20482959250.660866
0.5496008781315259
12.9
0.0108068484051377
41.94
0.0013335887945619
6.25
0.178355471393834
0.0993040483827063
9.0
26.46121343026022
6.364701740831335
0.0
0.0
3.12
255.61283901608653
194.6630040334432
25.0
8.05471689528192
5.0
25.0
0.0002369055558488
6.25
4.598415334861962
34839.0
2050.0
3.57
44.09423227169015
4.17
0.0081197473422903
10.243368599704684
11.847373937742372
3.0
5.74052812858783
5.0
5.0
1.0225804749845124
4.0
0.0973929940392503
406830805.218215
3.12
1.0157728247866078
18.0
5.0
31.183086419579176
8.33
1.1325061806869745
6.25
7.993674995371903
2.505000114440918
19.402660842718685
0.0
13936.0
6.249999999999999
2.78
0.4867431426841491
14.52
8.279956176758821
5.0
9.68
0.0002853987697597
33.87
0.0004106664454228
8.0
0.0001291618828932
12.5
6.1578429053106944
2822696.960441983
4.17
0.2675457719543682
0.0
6.512176034224003
0.0
0.0003363631978426
8490.0
4.17
0.1051287606317762
0.0
13936.0
3.0
5.74052812858783
5.0
38.71
0.0059283514186415
7.0
0.0001148105625717
7.0
1.132085201810063
5.0
-33.24694066204044
3.0
0.3189595580479428
0.0932835820895522
7.0
86.04927866196047
40.32
0.0090940904198475
7.0
3.105538749811338
3.12
4.766803442221121
2.8703052569640786
5.0
0.320841330339578
4.17
0.0038349185695619
6.0
1.0916997574360183
5.0
0.2702582496795701
4.84
0.0011184240834576
25.0
0.7026657459939403
43.33094144661308
25.0
0.2599359996599886
6.25
4.765463928732145
5.0
4.066462559583464
5.0
2.753406553126903
3.12
0.0002391486179577
1.0
1.3051034366904202
8.33
2.073201572095604
22.58
3.561716726789115
5.0
43.55
0.0005259418227621
38.71
0.0015187452213351
13.061815571943566
40.32
0.0330213326872449
37.1
0.0005732498839645
11.0
14.56635664838057
0.0
-0.2141722067867703
3.23
0.0013218464757024
6.25
1.7914881785752417
2.0
1.7569053235753267
10.0
1.9503579785583565
11.0
1.654355369468917
1.61
4.901619146517987
6.25
1.9583423014206756
2.78
79.09217522246527
24.19
0.0544866314456478
5.0
8.610792192881744
5.0
6.0
0.9660668817488612
10.0
0.9638435542674104
9.0
1.2072242023393147
12.5
0.408920892961286
43.55
0.0052173626788544
8.0
1.1924507532987147
3.0
0.8047197463248624
29.49913892078071
7.0
126.70016185138594
1.1753085082997188
0.0107708974797829
42.71383467278989
9.0
0.9838939291899612
2.0
-0.075730310443317
5.0
-0.9288067296777016
5.0
7.421959917780507
9.0
2.394475756928351
0.0
0.0858850652082724
9.68
0.0198876735205309
4.0
7.175660160734788
5.0
-56029372345.98241
13.015783160010836
8.33
2.0732010859958825
5.0
1.1017043520804752
13.989999771118171
12.5
12.471075328629745
1.0
55744.0
1.0
-26.676077304434457
6.45
0.106243882652161
46.77
0.0037971556692538
2.78
1.8417302595667724
61.52349901199341
45.16
0.607603410526784
0.0028702640642939
4.84
0.1280560477127788
29.03
0.6875565471672008
0.0
5.772010394970591
0.0
6.45
0.0694981727524744
-0.4758826584676403
8.33
18.708899085609715
8.030502495628525
1.0
4.84
0.0016014203859489
2.0
0.7990591543701054
7.0
0.0001148105625717
4.17
0.0144198044939385
5.0
1.0581235353028668
3.0
5.74052812858783
5.0
-250108522247.44864
4.0
0.913083673809417
25.81
0.0006174730122188
45.16
0.02612450067672
9.0
1.288892853136543
5.0
0.2230050501579826
2.0
1.4673716587315182
33.87
1.988531814880264
7.0
1.041905855338691
3.12
1.133593419129747
20.97
0.0193291620377723
37.1
1.824263594068864
7.0
1.0
11.497703788748565
0.0
13936.0
37.1
0.0003716564608206
6.45
0.8799891704609165
22.58
0.0163369562037661
73616.00716865432
12.5
0.6403945394889354
2.78
3.391967533747488
12.9
0.0444021664400614
5.0
8.610792192881744
5.0
29.03
0.0480285320645178
38.71
0.0016682710216574
0.0
1.0
55744.0
348.5139389201784
1.0
11.687000274658203
0.0002767638292067
6.031226651302266
48.39
1.977769324929432
5.0
0.0
14.52
0.0038103699290154
2.159363651653244
0.1682348807875551
38.71
0.0224131791577897
8.33
1.343695807330339
0.0029851174672426
12.5
0.4100968709053386
29.03
0.0023511956465861
12.0
0.0
-7.132097692504004
4.0
14.980818069595236
27.42
0.0511233176274612
22.58
0.0034938528863776
2.78
18.0020468394872
0.4088928491869013
3.0
9.23372360651424
0.0
1.4351320321469574
5.0
40.32
2.115287160503629
5.0
1.0
1.7890693379093587
100461.54775333405
5886.795154058931
19.35
0.0009728003367924
3.0
5.74052812858783
5.0
-1.22599995136261
6.0
0.6892058887762428
1.0
2.870264064293915
5.0
5.0
8.610792192881744
5.0
30.65
0.0369585419039833
4.84
1.5632884013266168
3.12
0.0059326399887743
0.1492537313432835
-2.052430325009764
6.0
25.81
3.6418511870349284
5.0
7.0
283.4292983483679
12.9
0.004398520026111
1.0
1.456860155734033
0.9776155511740682
6.25
0.0043293010602539
5.0
4.847224891848667
4.84
0.0008601380339272
5.0
-227.2429401959648
-1.2039188417579334
12.5
2.7575733862567686
2.78
8.6776947422275
3.0
93.2300033569336
8.33
1.805518422637132
60.665174535177776
8.06
0.0757842661260314
5.0
0.0026040754885029
0.0
2.0
4.305396096440872
5.0
6.25
0.0026719484183127
6.0
71.20974470192107
40.32
1.613504698395746
7.0
13.423699378967283
5.0
8.767572858772642
5.0
9.41525043819531
25.0
0.2599377460467294
5.714931352656533
5.0
0.006140929790837
25.0
0.1018382111128435
37.64781859931114
2.0
4.305396096440872
5.0
3.57
1.4327508512769571
19.35
0.0932238779743882
33.87
0.0319028224229721
14.382607309064472
15.648158955196724
0.9557979334098736
5.0
30.215994487951715
11.0
1.8601814399737024
37.21153846153846
14.52
0.0029661333922837
5.0
1.0174744530525062
0.0
0.8556629935491321
2.0
1.2305787041249356
45.16
0.0305959924783514
3.12
49.8745135883796
-2.868985414569488
6.0
8.33
0.5726522127955384
0.0
0.7774119646848572
0.7387613601768269
-29.319000244140625
16.13
0.0139045076775564
3.23
0.25031584267372
2.78
0.161319256774012
1.0
0.0
0.0
0.0133261488722539
14.52
0.0140716046048662
2.870873458600338
1.4417765431957124
6.25
0.0020454998472646
9.68
0.1447589635187326
3.12
2.331665951276737
50.0
0.0081563902676307
25.0
0.2042587075848207
2.78
3.917185105310777
9.0
0.0001435132032146
6.25
1.2666242975019817
3.0
5.74052812858783
5.0
27.42
3.3356110925053266
5.0
44.05711825487945
0.0
1.4351320321469574
5.0
16873.0
11.0
35.0321344276639
2.0
0.4382625028489204
15677.775
69707.78920684422
8.33
0.0017288464821055
6.0
0.0176276052378153
2.0
4.305396096440872
5.0
29.03
0.006491590984944
6.0
18010.41920808278
2.0
4.305396096440872
5.0
4.84
0.492321127354599
45.16
1.5317091192730303
5.0
1.0
2.870264064293915
5.0
9.0
1.791228773712089
16.13
0.001713535153871
6.25
2.0691872895292365
1.0
-0.0409508641426875
-1.609290960425575
-3.175446766933116
7.0
93046.10619224608
4.634108887909545
8.0
0.2484717281627851
18038.0
1.0
1.8601814399737024
3.12
0.3567109427876681
25.0
0.0001473841941377
4.17
1.2268201464859805
2.7339265212399537
1.0
1.467535663742256
151.0844661887843
-4.028157628672924
358.0
38.71
0.0341991239659718
20.97
5.516156890141646
5.0
8.33
11.251066819442146
8.0
3.359868264970572
41.80396096440872
3.23
0.0033246516401491
3.12
0.0014050488586146
50.0
0.0029504380990449
8.0
23.444318635068942
7.0
0.8294324551098387
3.072189044083302
29.03
0.0382684692133975
12.5
3.996472983826176
6.25
3.835104569533627
33.87
0.010194089174751
16.13
0.0558617457419361
2.78
56.17168941434091
7.0
3.073736609015289
4.17
2.431127020969035
17419.0
25.81
0.007818937938247
6.0
0.819428099357419
1.0
0.3215517249877386
10.0
1.4673716587315182
8.0
0.7328051602535304
16.13
0.0013660493171987
-2.016408134100186
6.0
9.68
0.0056673133030197
0.0028702640642939
3.57
6.640348806477725
3.12
0.4323051130679399
25.0
0.0417216196242212
9.0
0.9349503936242296
38.71
1.7037727952132724
5.0
0.0
13936.0
-18208798734.00385
35.48
0.0306056713784982
3.12
0.5609843101385903
41.94
1.5792368256768385
7.0
7.083809188194821
36.16266942555084
0.0
0.0072075935852195
2017.1
1405418.55
46.77
1.5195059607600017
7.0
6.0
0.0001004592422502
1974.0
6.0
1.4822522525449937
8.06
0.0004820840030155
9.68
0.0206941532408005
11.0
1.287486940027618
11.29
0.1581998832799302
30.65
2.929639829456033
5.0
0.2276244505782884
7.38801586460223
0.4521575218808712
16.13
6.552188660930777
5.0
10.0
64.98065949969309
1.61
0.0014319551194157
0.8050111718290232
6.25
3.85677760526321
19.0
-2.441727738845149
6.0
253.96850874919053
2.78
0.0290165977561773
0.0
7.0
48.39
0.0012996360768122
9.988972365716869
8.33
0.0003199322053472
3.12
2.854481192301514
25.0
0.4937390944689783
0.0070638308032115
11.0
1.6045378254942178
1.0
5.766853516557365
14.52
0.0705821945249661
12.5
1.5999372720941092
8.0
3.2964400916047056
6.25
0.2161487280327482
4.84
0.0180218930249703
4.17
1.505087671823882
1.9302769860844184
50.0
0.0062412406894318
37.1
0.0058934945227346
32.26
0.0253910008298509
2.0
1.3663527065579368
11.0
281.25
40.32
0.0013835949039327
3.12
0.3147033962216701
4.0
7.175660160734788
5.0
16.77050983124842
3.12
15.98789664139991
1.930277005695175
0.7455259734966635
19.35
0.0100011631243513
1803.0
0.0281197675977946
6.25
0.8456953089832439
0.0003587881571205
32.26
2.743756983862608
5.0
4.17
0.0023720294559832
74106.04836246379
20.97
0.0039826179881492
20.97
0.0006940809807635
0.0
2.6361840910916525
6.0
2.0
5.0
3.1267990515411985
2016.0
40.32
0.0003446696023704
2.3062564350012527
25.0
0.0445448702665678
2.78
0.0043628153558465
24.19
0.0459442252562933
2.098752906354193
17.74
0.1092128932166732
7.0
-3.41560506963042
0.0088484018210539
12.5
2.559798691542661
3.57
0.0062123941431067
5.0
0.6595279059672511
0.5019974401593906
16.0
11.949107654100922
19.35
0.0008960151565566
6.25
4.122161919525656
3.4463253772476508
1.0
55744.0
8864.821303283814
9.0
0.0001435132032146
24.19
0.0076445024335154
4.84
0.086215065659357
0.0
13936.0
5.0
-54.63069298206282
8.0
32.26
0.0171439817539775
0.124312729279546
35.48
0.0049147850605668
14.52
0.000131121095107
0.0
272.0
4.17
1.1871174855649784
2.78
1.08963198384255
14.387028475239594
14.52
0.066147875144045
0.0
19.35
0.0658136081741759
1.1882893226176807
2.78
0.4016456856160812
2.78
1.3538310854406954
33.87
1.960631839687112
5.0
3803328.0
0.360414536146527
37.1
0.0302936802223616
48.39
0.0232744200826016
4.17
2.431123996320496
-0.0130285020496868
3.12
3.62541621071296
0.1535439556741234
2.78
0.0070905591102129
42.46986222732491
17.74
5.442288487578439
5.0
6.561186938470259
41.94
2.0692856053511686
5.0
9.0
0.0001435132032146
25.0
0.9214458684908872
3.57
43.69807523685179
0.0
-20.076557109672645
14356.0
3.0070558274598924
12.5
0.0009295684511208
3.0
-19.814242534354022
11.29
0.2807043889968899
3.0
0.9349503936242294
4.17
0.0041488724461799
0.3
10.0
1.04551200748176
8.33
3.709233227766192
3.5796499297160187
0.0014351320321469
6.25
24.94369729870331
0.0930458709973622
15.765048437046774
25.0
0.4474306094089448
10207.0
0.0
-7.597160640301523
35.48
0.0014973676069397
9.68
0.0601821438080912
7.0
1.101704352080475
50.0
0.0006362528371487
3.57
5.788444384904582
30.65
0.0014852266495596
2.0
-6.542789203273179
24.19
0.0018398259286051
0.2929224652558927
8.33
0.1621244585221974
0.0
3.23
0.2292422864520046
0.0
13936.0
9.623208180219187
6.0
-0.8118028443608614
3.0
5.74052812858783
5.0
2487.0
2.677722394806938
2.78
0.2369188869500419
32.26
0.0418017940749339
46.77
1.987945364415504
5.0
2.78
56.15537225460511
11.0
32.46371429669114
45.16
1.5350527672772472
7.0
0.0028702640642939
-1.4885973471653398
5.0
2.201641408551508
1.0
37.78300094604492
7.0
1.6856769899964672
17.74
0.0011394885384517
4.17
0.3242356560154609
5.0
23.995357588207145
1.15
27.42
4.818012093164515
0.0
25.0
3.720138698846096
19.0
1.0
55744.0
16819.0
-3.442586918306711
6.0
40.32
0.0055008878457642
25.0
0.0002153912114285
25.0
0.0675667239192376
27.42
0.0025630504215525
4.17
32.80573132760563
22.58
4.818526905183842
33.87
0.0393589483196337
4.17
5.727650677583455
22.58
0.0019336457926568
14.52
0.0017355386253091
3.12
7.618136915105809
-0.0002487773836825
4.0
4.198225703954782
1.0
-39.07353120274053
12.5
0.8782396291796348
0.3706957928779548
8.33
0.0055369687227452
0.2444765231108603
1.0
13.821999549865724
1.0
2.870264064293915
5.0
0.0
107.89299774169922
16224.0
1.61
0.1950681305189311
135.0
4.17
41.47577111909455
1.0
0.665268114678003
6.0
-18.084325693810896
33.87
0.067125603828709
-3.916531483436128
5.0
3.57
11.175156688927231
54873000.0
41.94
0.0058803006160308
8.064816294412312
49.99999999999999
0.0
37.1
0.001484028771794
14.0
0.1744941666761559
8.0
1.7193244557468002
1.0
10.0
5.0
5.496918708416316
0.0051611658204142
12.5
0.1388844122897927
1302.0852767691845
5.0
0.8294324551098387
29.03
0.0292478890247772
1245.0
0.0
0.0176416562410295
6.0
0.5245172793493371
11.0
1.3051034366904202
8.0
50.52376265709232
4.0
1.5258562641691875
8.0
0.0001291618828932
0.0002612121329758
8011.505
3.12
1.5269793739500213
5.0
8.610792192881744
5.0
8.0
0.0001291618828932
3.57
14.004219348797466
16.13
0.0776452428177194
10.362977347457235
7.0
1.1324047335912908
280.192754126194
4.84
0.4043234765401773
4.272000312805176
3.0
1.0636446153239876
1.0
2.870264064293915
5.0
8.33
0.613418362748657
9.0
0.0001435132032146
6.45
0.0519033747784313
0.0
4.0
7.175660160734788
5.0
46.77
0.0014000164838572
0.0028702640642939
10.0
10.0
39.25336845150977
4.0
-30.98212821171868
3.0
1.2072242023393147
0.0014351320321469
5.0
1.132085201810063
0.0
2016.0
6.25
622.0286671947518
1.93027707291039
30.65
0.0108466418310981
30.0
208.0
24.19
4.285396133371691
5.0
209446.6850067952
45.80046057377609
2.78
8.893378167067072
3.12
2.8544873573761564
8.0
10.807209542582726
9.0
0.6399646937635826
4.17
0.0152196649015907
59184041.796491526
8.0
2.3874585435684903
12.5
0.0891777356969169
5.0
22.199907646796564
1.0
47.76800155639648
0.0
-0.2141722067867666
25.0
0.0539846163981142
20.97
4.227551101892076
7.0
0.7770004272461009
6.25
16.99214516275628
3.12
49.88739459740662
0.0
4.84
0.0382498751618873
0.0
13936.0
0.2203868540466385
11.29
0.0564735808850129
2.0
1.125548161703398
11.0
1.5885517662211843
1.1925947187141217
16.13
0.0245192609022017
3.57
3.342926366064205
103837913.84301227
43.55
0.0091813084296394
9.0
1.250320013336997
8.33
1.532759635991145
4.0
7.175660160734788
5.0
22.5
3.57
14.004218683843508
2.78
4.034315154484784
8.0
1.025859415344982
7.0
0.0001148105625717
5.0
0.0010087490451696
5.0
1.0352542549274637
12.5
0.1080762782669849
2.78
16.27569876570559
-14.616999626159668
-2.6465001106262207
17.74
0.0721269321785751
4549.374999999999
-2452274176664.9155
4800.400747412633
12.5
7.604210980591622
38.71
0.0097656358647326
2091.655
20.97
0.0008454711319729
0.0
13936.0
1.930276989978804
41.94
0.0004895729324133
4.17
4.374573343792047
43.86143825352534
0.0
36.402000427246094
36.43899917602539
0.0
0.7495835181668968
2017.0
0.0002726789994115
17.74
0.0108350331333849
40.32
0.0413660776568151
8.33
3.0703709284187664
19.0
1.362434989046274
10.0
1.3349683121853384
4.17
0.0009122101632885
4.0
-0.0862127995108535
22.5
3.12
0.3567109427876681
12.5
0.0013192878104042
8.33
0.1337746659918546
0.1555440571208751
1.0
19.0
6.25
2.4348544427916776
0.4788960805981716
7.0
0.000937403446735
1.0
27.42
0.0127758147179909
208.0
